# unix_time, cycles_done, cur_path, paths_total, pending_total, pending_favs, map_size, unique_crashes, unique_hangs, max_depth, execs_per_sec
1572010894, 0, 0, 6, 6, 1, 0.14%, 0, 0, 1, 167.83
1572010899, 0, 1, 10, 10, 1, 0.14%, 0, 0, 2, 231.86
1572010904, 0, 1, 16, 16, 1, 0.14%, 0, 0, 2, 254.96
1572010910, 0, 1, 17, 17, 1, 0.14%, 0, 0, 2, 268.39
1572010915, 0, 1, 18, 18, 1, 0.14%, 0, 0, 2, 282.25
1572010920, 0, 1, 19, 19, 1, 0.14%, 0, 0, 2, 276.77
1572010925, 0, 1, 20, 20, 1, 0.14%, 0, 0, 2, 261.23
1572010930, 0, 1, 21, 21, 1, 0.14%, 0, 0, 2, 291.61
1572010955, 0, 1, 22, 22, 1, 0.14%, 0, 0, 2, 246.90
1572010996, 0, 1, 23, 23, 1, 0.14%, 0, 0, 2, 249.69
1572011026, 0, 6, 26, 25, 3, 0.14%, 0, 0, 2, 307.88
1572011036, 0, 7, 26, 24, 2, 0.14%, 0, 0, 2, 262.95
1572011046, 0, 20, 26, 23, 1, 0.14%, 0, 0, 2, 299.94
1572011113, 0, 20, 27, 24, 1, 0.14%, 0, 0, 3, 331.06
1572011123, 1, 7, 27, 23, 0, 0.14%, 0, 0, 3, 336.38
1572011128, 1, 8, 29, 25, 0, 0.14%, 0, 0, 3, 171.60
1572011154, 1, 15, 29, 24, 0, 0.14%, 0, 0, 3, 25.81
1572011317, 1, 16, 29, 23, 0, 0.14%, 0, 0, 3, 65.85
1572011619, 1, 20, 30, 23, 0, 0.14%, 0, 0, 3, 230.45
1572011624, 1, 23, 30, 23, 0, 0.14%, 0, 0, 3, 50.83
1572011911, 1, 23, 31, 24, 0, 0.14%, 0, 0, 3, 67.55
1572011926, 1, 23, 37, 29, 0, 0.14%, 0, 0, 3, 83.07
1572011931, 1, 27, 39, 31, 0, 0.14%, 0, 0, 3, 53.31
1572012233, 2, 7, 39, 30, 0, 0.14%, 5, 0, 3, 238.54
1572012238, 2, 11, 39, 30, 0, 0.14%, 5, 0, 3, 196.52
1572012294, 2, 12, 39, 29, 0, 0.14%, 5, 0, 3, 229.29
1572012335, 2, 17, 39, 28, 0, 0.14%, 5, 0, 3, 75.74
1572012391, 2, 20, 39, 27, 0, 0.14%, 5, 0, 3, 196.87
1572012396, 2, 33, 39, 27, 0, 0.14%, 5, 0, 3, 166.28
1572012736, 3, 0, 39, 26, 0, 0.14%, 5, 0, 3, 208.99
1572012756, 3, 6, 39, 25, 0, 0.14%, 5, 0, 3, 44.16
1572012772, 3, 7, 39, 25, 0, 0.14%, 5, 0, 3, 148.94
1572012782, 3, 20, 39, 25, 0, 0.14%, 5, 0, 3, 222.31
1572012787, 3, 21, 39, 25, 0, 0.14%, 5, 0, 3, 26.32
1572012935, 3, 25, 39, 24, 0, 0.14%, 5, 0, 3, 136.64
1572013077, 3, 28, 39, 23, 0, 0.14%, 5, 0, 3, 85.13
1572013205, 3, 37, 40, 23, 0, 0.14%, 5, 0, 3, 58.96
1572014187, 3, 39, 40, 22, 0, 0.14%, 5, 0, 3, 64.77
1572016362, 3, 39, 40, 22, 0, 0.14%, 6, 0, 3, 73.01
1572016372, 4, 4, 40, 21, 0, 0.14%, 6, 0, 3, 178.14
1572016392, 4, 6, 40, 20, 0, 0.14%, 6, 0, 3, 192.19
1572016403, 4, 7, 40, 20, 0, 0.14%, 6, 0, 3, 211.19
1572016413, 4, 10, 40, 20, 0, 0.14%, 6, 0, 3, 221.65
1572016459, 4, 20, 40, 19, 0, 0.14%, 6, 0, 3, 246.45
1572016469, 4, 33, 40, 19, 0, 0.14%, 6, 0, 3, 177.26
1572016474, 4, 35, 40, 19, 0, 0.14%, 6, 0, 3, 125.46
1572018376, 4, 39, 40, 18, 0, 0.14%, 6, 0, 3, 28.16
1572018401, 5, 1, 40, 18, 0, 0.14%, 6, 0, 3, 120.30
1572018417, 5, 2, 40, 18, 0, 0.14%, 6, 0, 3, 86.83
1572018458, 5, 3, 40, 17, 0, 0.14%, 6, 0, 3, 80.83
1572018488, 5, 6, 40, 16, 0, 0.14%, 6, 0, 3, 196.48
1572018509, 5, 7, 40, 16, 0, 0.14%, 6, 0, 3, 109.89
1572018524, 5, 14, 40, 16, 0, 0.14%, 6, 0, 3, 65.17
1572018636, 5, 17, 40, 15, 0, 0.14%, 6, 0, 3, 89.07
1572018647, 5, 19, 40, 15, 0, 0.14%, 6, 0, 3, 62.59
1572018657, 5, 20, 40, 14, 0, 0.14%, 6, 0, 3, 25.96
1572018713, 5, 21, 40, 14, 0, 0.14%, 6, 0, 3, 41.41
1572018729, 5, 24, 40, 14, 0, 0.14%, 6, 0, 3, 37.15
1572018898, 5, 30, 40, 13, 0, 0.14%, 6, 0, 3, 39.11
1572019188, 6, 6, 40, 12, 0, 0.14%, 6, 0, 3, 52.34
1572019230, 6, 7, 40, 12, 0, 0.14%, 6, 0, 3, 55.55
1572019255, 6, 20, 40, 12, 0, 0.14%, 6, 0, 3, 42.55
1572019302, 6, 26, 40, 12, 0, 0.14%, 6, 0, 3, 316.30
1572019454, 6, 31, 40, 11, 0, 0.14%, 6, 0, 3, 55.44
1572020206, 6, 38, 40, 10, 0, 0.14%, 6, 0, 3, 36.49
1572020257, 7, 6, 40, 9, 0, 0.14%, 6, 0, 3, 35.12
1572020298, 7, 7, 40, 9, 0, 0.14%, 6, 0, 3, 66.60
1572020319, 7, 20, 40, 9, 0, 0.14%, 6, 0, 3, 69.71
1572020354, 7, 25, 40, 9, 0, 0.14%, 6, 0, 3, 50.41
1572020380, 7, 32, 40, 9, 0, 0.14%, 6, 0, 3, 36.24
1572024710, 8, 5, 40, 8, 0, 0.14%, 6, 0, 3, 112.60
1572024736, 8, 6, 40, 7, 0, 0.14%, 6, 0, 3, 96.61
1572024761, 8, 7, 40, 7, 0, 0.14%, 6, 0, 3, 126.93
1572024776, 8, 13, 40, 7, 0, 0.14%, 6, 0, 3, 63.45
1572024832, 8, 15, 40, 6, 0, 0.14%, 6, 0, 3, 63.69
1572024838, 8, 20, 40, 6, 0, 0.14%, 6, 0, 3, 118.52
1572024853, 8, 28, 40, 6, 0, 0.14%, 6, 0, 3, 113.59
1572024863, 8, 35, 40, 6, 0, 0.14%, 6, 0, 3, 68.94
1572024873, 9, 6, 40, 6, 0, 0.14%, 6, 0, 3, 114.74
1572024899, 9, 7, 40, 6, 0, 0.14%, 6, 0, 3, 121.00
1572024914, 9, 11, 40, 6, 0, 0.14%, 6, 0, 3, 71.61
1572024929, 9, 18, 40, 6, 0, 0.14%, 6, 0, 3, 87.23
1572025026, 9, 20, 40, 5, 0, 0.14%, 6, 0, 3, 142.53
1572025042, 9, 25, 40, 5, 0, 0.14%, 6, 0, 3, 129.07
1572025057, 9, 26, 40, 5, 0, 0.14%, 6, 0, 3, 110.03
1572025072, 10, 6, 40, 5, 0, 0.14%, 6, 0, 3, 128.22
1572025093, 10, 7, 40, 5, 0, 0.14%, 6, 0, 3, 144.10
1572025108, 10, 14, 40, 5, 0, 0.14%, 6, 0, 3, 96.40
1572025113, 10, 15, 40, 5, 0, 0.14%, 6, 0, 3, 76.32
1572025118, 10, 20, 40, 5, 0, 0.14%, 6, 0, 3, 93.26
1572025139, 10, 34, 40, 5, 0, 0.14%, 6, 0, 3, 77.30
