# unix_time, cycles_done, cur_path, paths_total, pending_total, pending_favs, map_size, unique_crashes, unique_hangs, max_depth, execs_per_sec
1572010905, 0, 0, 6, 6, 1, 0.14%, 0, 0, 1, 173.29
1572010910, 0, 1, 17, 17, 1, 0.14%, 0, 0, 2, 217.10
1572010915, 0, 1, 20, 20, 1, 0.14%, 0, 0, 2, 269.49
1572010930, 0, 1, 21, 21, 1, 0.14%, 0, 0, 2, 282.63
1572010935, 0, 1, 22, 22, 1, 0.14%, 0, 0, 2, 274.05
1572010940, 0, 6, 23, 22, 3, 0.14%, 0, 0, 2, 245.17
1572010956, 0, 7, 23, 21, 2, 0.14%, 0, 0, 2, 215.00
1572010961, 0, 22, 23, 20, 1, 0.14%, 0, 0, 2, 236.29
1572010976, 1, 2, 23, 19, 0, 0.14%, 0, 0, 2, 187.63
1572010981, 1, 4, 23, 18, 0, 0.14%, 0, 0, 2, 186.58
1572010987, 1, 6, 23, 17, 0, 0.14%, 0, 0, 2, 234.74
1572010997, 1, 7, 23, 17, 0, 0.14%, 0, 0, 2, 207.04
1572011002, 1, 11, 24, 18, 0, 0.14%, 0, 0, 3, 145.59
1572011007, 1, 18, 25, 18, 0, 0.14%, 0, 0, 3, 111.61
1572011012, 1, 22, 26, 18, 0, 0.14%, 0, 0, 3, 128.14
1572011022, 1, 25, 26, 18, 0, 0.14%, 0, 0, 3, 206.03
1572011033, 2, 6, 26, 17, 0, 0.14%, 0, 0, 3, 160.26
1572011048, 2, 7, 26, 17, 0, 0.14%, 0, 0, 3, 170.14
1572011053, 2, 8, 26, 17, 0, 0.14%, 0, 0, 3, 270.51
1572011058, 2, 14, 26, 16, 0, 0.14%, 0, 0, 3, 225.67
1572011064, 2, 15, 27, 16, 0, 0.14%, 0, 0, 3, 190.64
1572011069, 2, 19, 27, 15, 0, 0.14%, 0, 0, 3, 165.96
1572011074, 2, 19, 28, 16, 0, 0.14%, 0, 0, 3, 125.11
1572011079, 2, 22, 28, 15, 0, 0.14%, 0, 0, 3, 223.61
1572011089, 3, 6, 28, 15, 0, 0.14%, 0, 0, 3, 183.90
1572011100, 3, 7, 28, 15, 0, 0.14%, 0, 0, 3, 209.76
1572011105, 3, 10, 28, 15, 0, 0.14%, 0, 0, 3, 120.85
1572011110, 3, 22, 29, 15, 0, 0.14%, 0, 0, 3, 268.85
1572011120, 4, 0, 29, 15, 0, 0.14%, 0, 0, 3, 190.50
1572011130, 4, 4, 29, 14, 0, 0.14%, 0, 0, 3, 156.23
1572011135, 4, 6, 29, 14, 0, 0.14%, 0, 0, 3, 45.45
1572011141, 4, 6, 30, 15, 0, 0.14%, 0, 0, 3, 167.19
1572011146, 4, 7, 30, 15, 0, 0.14%, 0, 0, 3, 206.20
1572011151, 4, 9, 30, 15, 0, 0.14%, 0, 0, 3, 162.63
1572011156, 4, 13, 30, 14, 0, 0.14%, 0, 0, 3, 153.83
1572011161, 4, 22, 30, 13, 0, 0.14%, 0, 0, 3, 170.72
1572011171, 4, 23, 30, 13, 0, 0.14%, 0, 0, 3, 233.79
1572011187, 5, 3, 30, 12, 0, 0.14%, 0, 0, 3, 209.67
1572011192, 5, 6, 30, 11, 0, 0.14%, 0, 0, 3, 216.77
1572011202, 5, 7, 30, 11, 0, 0.14%, 0, 0, 3, 39.09
1572011207, 5, 16, 31, 12, 0, 0.14%, 0, 0, 3, 92.07
1572011212, 5, 17, 31, 11, 0, 0.14%, 0, 0, 3, 108.02
1572011218, 5, 22, 31, 10, 0, 0.14%, 0, 0, 3, 235.69
1572011228, 6, 5, 31, 10, 0, 0.14%, 0, 0, 3, 261.17
1572011233, 6, 6, 31, 9, 0, 0.14%, 0, 0, 3, 222.78
1572011243, 6, 7, 31, 9, 0, 0.14%, 0, 0, 3, 168.38
1572011248, 6, 15, 31, 9, 0, 0.14%, 0, 0, 3, 173.71
1572011259, 6, 22, 31, 8, 0, 0.14%, 0, 0, 3, 170.09
1572011269, 6, 25, 31, 8, 0, 0.14%, 0, 0, 3, 185.97
1572011274, 6, 29, 31, 8, 0, 0.14%, 0, 0, 3, 247.69
1572011320, 7, 6, 31, 7, 0, 0.14%, 0, 0, 3, 153.53
1572011335, 7, 7, 31, 7, 0, 0.14%, 0, 0, 3, 205.27
1572011340, 7, 22, 31, 7, 0, 0.14%, 0, 0, 3, 258.36
1572011345, 7, 24, 31, 7, 0, 0.14%, 0, 0, 3, 231.46
1572011361, 8, 4, 31, 6, 0, 0.14%, 0, 0, 3, 138.56
1572011366, 8, 6, 31, 6, 0, 0.14%, 0, 0, 3, 239.14
1572011376, 8, 7, 31, 6, 0, 0.14%, 0, 0, 3, 198.40
1572011386, 8, 22, 31, 6, 0, 0.14%, 0, 0, 3, 215.91
1572011391, 8, 28, 31, 6, 0, 0.14%, 0, 0, 3, 266.21
1572011412, 8, 30, 31, 5, 0, 0.14%, 0, 0, 3, 147.60
1572011438, 9, 6, 31, 4, 0, 0.14%, 0, 0, 3, 244.76
1572011448, 9, 7, 31, 4, 0, 0.14%, 0, 0, 3, 201.97
1572011453, 9, 22, 31, 4, 0, 0.14%, 0, 0, 3, 267.52
1572011463, 10, 6, 31, 4, 0, 0.14%, 0, 0, 3, 287.38
1572011473, 10, 7, 31, 4, 0, 0.14%, 0, 0, 3, 164.78
1572011484, 10, 13, 31, 4, 0, 0.14%, 0, 0, 3, 134.51
1572011489, 10, 22, 31, 4, 0, 0.14%, 0, 0, 3, 280.21
1572011494, 10, 27, 31, 4, 0, 0.14%, 0, 0, 3, 181.70
1572011509, 11, 6, 32, 4, 0, 0.14%, 4, 0, 3, 281.25
1572011514, 11, 6, 33, 5, 0, 0.14%, 4, 0, 3, 86.39
1572011519, 11, 6, 35, 7, 0, 0.14%, 4, 0, 3, 71.83
1572011530, 11, 7, 35, 7, 0, 0.14%, 4, 0, 3, 172.44
1572011535, 11, 21, 35, 7, 0, 0.14%, 4, 0, 3, 106.66
1572011540, 11, 22, 36, 7, 0, 0.14%, 4, 0, 3, 238.00
1572011545, 11, 22, 37, 8, 0, 0.14%, 4, 0, 3, 48.75
1572011550, 11, 34, 37, 8, 0, 0.14%, 4, 0, 3, 40.08
1572011560, 11, 34, 39, 10, 0, 0.14%, 4, 0, 4, 59.36
1572011621, 12, 6, 39, 9, 0, 0.14%, 4, 0, 4, 209.85
1572011637, 12, 7, 40, 10, 0, 0.14%, 4, 0, 4, 141.70
1572011647, 12, 8, 40, 10, 0, 0.14%, 4, 0, 4, 172.65
1572011652, 12, 8, 41, 11, 0, 0.14%, 4, 0, 4, 211.76
1572011657, 12, 17, 42, 12, 0, 0.14%, 4, 0, 4, 182.17
1572011667, 12, 22, 42, 12, 0, 0.14%, 4, 0, 4, 210.34
1572011672, 12, 27, 42, 12, 0, 0.14%, 4, 0, 4, 197.56
1572011688, 12, 34, 42, 12, 0, 0.14%, 4, 0, 4, 83.73
1572011718, 12, 35, 42, 12, 0, 0.14%, 4, 0, 4, 58.52
1572011749, 12, 36, 42, 11, 0, 0.14%, 4, 0, 4, 52.82
1572011784, 12, 39, 42, 10, 0, 0.14%, 4, 0, 4, 148.71
1572011789, 12, 39, 42, 10, 0, 0.14%, 4, 1, 4, 181.58
1572011810, 13, 4, 42, 9, 0, 0.14%, 5, 1, 4, 224.12
1572011820, 13, 6, 42, 9, 0, 0.14%, 5, 1, 4, 179.88
1572011830, 13, 7, 42, 9, 0, 0.14%, 5, 1, 4, 191.20
1572011841, 13, 12, 42, 9, 0, 0.14%, 5, 1, 4, 109.08
1572011846, 13, 22, 42, 8, 0, 0.14%, 5, 1, 4, 196.30
1572011856, 13, 31, 42, 8, 0, 0.14%, 5, 1, 4, 225.31
1572011892, 14, 6, 42, 7, 0, 0.14%, 5, 1, 4, 255.37
1572011912, 14, 7, 42, 7, 0, 0.14%, 5, 1, 4, 130.22
1572011917, 14, 22, 42, 7, 0, 0.14%, 5, 1, 4, 154.94
1572011927, 14, 33, 42, 7, 0, 0.14%, 5, 1, 4, 159.44
1572011968, 14, 37, 42, 6, 0, 0.14%, 5, 1, 4, 64.97
1572012034, 15, 6, 42, 5, 0, 0.14%, 5, 1, 4, 113.33
1572012049, 15, 7, 42, 5, 0, 0.14%, 5, 1, 4, 162.46
1572012060, 15, 21, 42, 5, 0, 0.14%, 5, 1, 4, 94.95
1572012065, 15, 22, 42, 5, 0, 0.14%, 5, 1, 4, 109.99
1572012075, 15, 32, 42, 5, 0, 0.14%, 5, 1, 4, 40.28
1572012106, 15, 40, 42, 4, 0, 0.14%, 5, 1, 4, 84.41
1572012137, 16, 6, 42, 3, 0, 0.14%, 5, 1, 4, 239.20
1572012147, 16, 7, 42, 3, 0, 0.14%, 5, 1, 4, 154.41
1572012152, 16, 10, 42, 3, 0, 0.14%, 5, 1, 4, 118.05
1572012157, 16, 17, 42, 3, 0, 0.14%, 5, 1, 4, 102.10
1572012162, 16, 22, 42, 3, 0, 0.14%, 5, 1, 4, 163.67
1572012173, 16, 25, 42, 3, 0, 0.14%, 5, 1, 4, 187.80
1572012178, 16, 26, 42, 3, 0, 0.14%, 5, 1, 4, 112.20
1572012193, 17, 6, 42, 2, 0, 0.14%, 5, 1, 4, 182.97
1572012204, 17, 7, 42, 2, 0, 0.14%, 5, 1, 4, 188.92
1572012214, 17, 20, 42, 2, 0, 0.14%, 5, 1, 4, 113.39
1572012219, 17, 22, 42, 2, 0, 0.14%, 5, 1, 4, 211.64
1572012224, 17, 38, 42, 2, 0, 0.14%, 5, 1, 4, 30.30
1572012275, 17, 39, 42, 1, 0, 0.14%, 5, 1, 4, 128.30
1572012300, 18, 6, 42, 1, 0, 0.14%, 5, 1, 4, 212.78
1572012310, 18, 7, 42, 1, 0, 0.14%, 5, 1, 4, 193.70
1572012321, 18, 22, 42, 1, 0, 0.14%, 5, 1, 4, 221.01
1572012326, 19, 6, 42, 1, 0, 0.14%, 5, 1, 4, 190.67
1572012346, 19, 7, 42, 1, 0, 0.14%, 5, 1, 4, 156.01
1572012351, 19, 22, 42, 1, 0, 0.14%, 5, 1, 4, 252.54
1572012362, 19, 32, 42, 1, 0, 0.14%, 5, 1, 4, 125.96
1572012392, 19, 41, 42, 1, 0, 0.14%, 5, 1, 4, 112.98
1572012423, 20, 6, 42, 0, 0, 0.14%, 5, 1, 4, 259.41
1572012433, 20, 7, 42, 0, 0, 0.14%, 5, 1, 4, 190.19
1572012438, 20, 19, 42, 0, 0, 0.14%, 5, 1, 4, 121.92
1572012449, 20, 22, 42, 0, 0, 0.14%, 5, 1, 4, 204.14
1572012454, 20, 35, 42, 0, 0, 0.14%, 5, 1, 4, 229.09
1572012484, 21, 5, 42, 0, 0, 0.14%, 5, 1, 4, 145.08
1572012489, 21, 6, 42, 0, 0, 0.14%, 5, 1, 4, 204.06
1572012505, 21, 7, 42, 0, 0, 0.14%, 5, 1, 4, 161.38
1572012515, 21, 22, 42, 0, 0, 0.14%, 5, 1, 4, 139.65
1572012530, 21, 35, 42, 0, 0, 0.14%, 5, 1, 4, 100.37
1572012545, 21, 37, 42, 0, 0, 0.14%, 5, 1, 4, 63.88
1572012596, 22, 1, 42, 0, 0, 0.14%, 5, 1, 4, 125.63
1572012607, 22, 6, 42, 0, 0, 0.14%, 5, 1, 4, 177.97
1572012617, 22, 7, 42, 0, 0, 0.14%, 5, 1, 4, 174.77
1572012627, 22, 22, 42, 0, 0, 0.14%, 5, 1, 4, 201.21
1572012637, 22, 41, 42, 0, 0, 0.14%, 5, 1, 4, 172.14
1572012663, 23, 0, 42, 0, 0, 0.14%, 5, 1, 4, 62.21
1572012668, 23, 6, 42, 0, 0, 0.14%, 5, 1, 4, 120.99
1572012683, 23, 7, 42, 0, 0, 0.14%, 5, 1, 4, 163.37
1572012688, 23, 22, 42, 0, 0, 0.14%, 5, 1, 4, 204.23
1572012698, 24, 6, 42, 0, 0, 0.14%, 5, 1, 4, 235.77
1572012714, 24, 7, 42, 0, 0, 0.14%, 5, 1, 4, 162.11
1572012719, 24, 22, 42, 0, 0, 0.14%, 5, 1, 4, 186.29
1572012729, 25, 0, 42, 0, 0, 0.14%, 5, 1, 4, 237.57
1572012734, 25, 6, 42, 0, 0, 0.14%, 5, 1, 4, 300.37
1572012745, 25, 7, 42, 0, 0, 0.14%, 5, 1, 4, 205.72
1572012755, 25, 15, 42, 0, 0, 0.14%, 5, 1, 4, 225.22
1572012760, 25, 19, 42, 0, 0, 0.14%, 5, 1, 4, 166.26
1572012765, 25, 22, 42, 0, 0, 0.14%, 5, 1, 4, 182.81
1572012780, 25, 27, 42, 0, 0, 0.14%, 5, 1, 4, 116.85
1572012785, 25, 40, 42, 0, 0, 0.14%, 5, 1, 4, 104.36
1572012811, 26, 1, 42, 0, 0, 0.14%, 5, 1, 4, 129.55
1572012821, 26, 6, 42, 0, 0, 0.14%, 5, 1, 4, 126.20
1572012831, 26, 6, 43, 1, 0, 0.14%, 5, 1, 4, 151.50
1572012842, 26, 7, 43, 1, 0, 0.14%, 5, 1, 4, 175.15
1572012847, 26, 16, 43, 1, 0, 0.14%, 5, 1, 4, 104.10
1572012857, 26, 22, 43, 1, 0, 0.14%, 5, 1, 4, 189.29
1572012867, 26, 42, 43, 1, 0, 0.14%, 5, 1, 4, 99.14
1572012928, 27, 3, 43, 0, 0, 0.14%, 5, 1, 4, 140.01
1572012939, 27, 6, 43, 0, 0, 0.14%, 5, 1, 4, 214.48
1572012954, 27, 7, 43, 0, 0, 0.14%, 5, 1, 4, 170.50
1572012965, 27, 9, 43, 0, 0, 0.14%, 5, 1, 4, 115.05
1572012975, 27, 13, 43, 0, 0, 0.14%, 5, 1, 4, 102.44
1572012980, 27, 14, 43, 0, 0, 0.14%, 5, 1, 4, 83.82
1572012985, 27, 22, 43, 0, 0, 0.14%, 5, 1, 4, 174.28
1572012995, 27, 39, 43, 0, 0, 0.14%, 5, 1, 4, 131.43
1572013031, 28, 5, 43, 0, 0, 0.14%, 5, 1, 4, 148.28
1572013041, 28, 6, 43, 0, 0, 0.14%, 5, 1, 4, 204.55
1572013056, 28, 7, 43, 0, 0, 0.14%, 5, 1, 4, 75.47
1572013067, 28, 8, 43, 0, 0, 0.14%, 5, 1, 4, 183.22
1572013082, 28, 22, 43, 0, 0, 0.14%, 5, 1, 4, 234.93
1572013092, 28, 38, 43, 0, 0, 0.14%, 5, 1, 4, 89.34
1572013138, 28, 42, 43, 0, 0, 0.14%, 5, 1, 4, 78.08
1572013164, 29, 6, 43, 0, 0, 0.14%, 5, 1, 4, 281.73
1572013184, 29, 7, 43, 0, 0, 0.14%, 5, 1, 4, 156.68
1572013189, 29, 22, 43, 0, 0, 0.14%, 5, 1, 4, 227.49
1572013199, 29, 38, 43, 0, 0, 0.14%, 5, 1, 4, 39.81
1572013220, 29, 41, 43, 0, 0, 0.14%, 5, 1, 4, 92.82
1572013246, 30, 6, 43, 0, 0, 0.14%, 5, 1, 4, 268.90
1572013261, 30, 7, 43, 0, 0, 0.14%, 5, 1, 4, 153.00
1572013272, 30, 22, 43, 0, 0, 0.14%, 5, 1, 4, 212.05
1572013282, 31, 2, 43, 0, 0, 0.14%, 5, 1, 4, 166.00
1572013287, 31, 4, 43, 0, 0, 0.14%, 5, 1, 4, 158.63
1572013297, 31, 6, 43, 0, 0, 0.14%, 5, 1, 4, 180.33
1572013313, 31, 7, 43, 0, 0, 0.14%, 5, 1, 4, 129.35
1572013323, 31, 22, 43, 0, 0, 0.14%, 5, 1, 4, 161.26
1572013333, 32, 6, 43, 0, 0, 0.14%, 5, 1, 4, 246.54
1572013348, 32, 7, 43, 0, 0, 0.14%, 5, 1, 4, 132.00
1572013359, 32, 13, 43, 0, 0, 0.14%, 5, 1, 4, 125.97
1572013364, 32, 15, 43, 0, 0, 0.14%, 5, 1, 4, 171.38
1572013374, 32, 22, 43, 0, 0, 0.14%, 5, 1, 4, 227.45
1572013389, 32, 27, 43, 0, 0, 0.14%, 5, 1, 4, 101.57
1572013394, 32, 32, 43, 0, 0, 0.14%, 5, 1, 4, 82.11
1572013410, 33, 1, 43, 0, 0, 0.14%, 5, 1, 4, 160.53
1572013420, 33, 6, 43, 0, 0, 0.14%, 5, 1, 4, 213.76
1572013435, 33, 7, 43, 0, 0, 0.14%, 5, 1, 4, 154.13
1572013446, 33, 22, 43, 0, 0, 0.14%, 5, 1, 4, 204.01
1572013456, 33, 38, 43, 0, 0, 0.14%, 5, 1, 4, 108.69
1572013482, 34, 6, 43, 0, 0, 0.14%, 5, 1, 4, 177.11
1572013492, 34, 7, 43, 0, 0, 0.14%, 5, 1, 4, 137.04
1572013502, 34, 12, 43, 0, 0, 0.14%, 5, 1, 4, 124.04
1572013507, 34, 22, 43, 0, 0, 0.14%, 5, 1, 4, 192.99
1572013517, 34, 23, 43, 0, 0, 0.14%, 5, 1, 4, 189.39
1572013528, 35, 6, 43, 0, 0, 0.14%, 5, 1, 4, 160.20
1572013543, 35, 7, 43, 0, 0, 0.14%, 5, 1, 4, 132.82
1572013548, 35, 11, 43, 0, 0, 0.14%, 5, 1, 4, 107.54
1572013553, 35, 21, 43, 0, 0, 0.14%, 5, 1, 4, 91.33
1572013558, 35, 22, 43, 0, 0, 0.14%, 5, 1, 4, 186.92
1572013568, 35, 24, 43, 0, 0, 0.14%, 5, 1, 4, 139.23
1572013573, 35, 28, 43, 0, 0, 0.14%, 5, 1, 4, 150.41
1572013599, 36, 6, 43, 0, 0, 0.14%, 5, 1, 4, 232.24
1572013619, 36, 7, 43, 0, 0, 0.14%, 5, 1, 4, 134.27
1572013624, 36, 22, 43, 0, 0, 0.14%, 5, 1, 4, 107.04
1572013639, 36, 27, 43, 0, 0, 0.14%, 5, 1, 4, 123.03
1572013645, 37, 3, 43, 0, 0, 0.14%, 5, 1, 4, 28.44
1572013655, 37, 6, 43, 0, 0, 0.14%, 5, 1, 4, 182.26
1572013670, 37, 7, 43, 0, 0, 0.14%, 5, 1, 4, 130.20
1572013675, 37, 10, 43, 0, 0, 0.14%, 5, 1, 4, 104.37
1572013680, 37, 22, 43, 0, 0, 0.14%, 5, 1, 4, 140.05
1572013695, 37, 34, 43, 0, 0, 0.14%, 5, 1, 4, 86.75
1572013705, 37, 40, 43, 0, 0, 0.14%, 5, 1, 4, 90.59
1572013741, 37, 41, 43, 0, 0, 0.14%, 5, 1, 4, 166.57
1572013746, 38, 6, 43, 0, 0, 0.14%, 5, 1, 4, 38.02
1572013762, 38, 7, 43, 0, 0, 0.14%, 5, 1, 4, 145.91
1572013767, 38, 12, 43, 0, 0, 0.14%, 5, 1, 4, 145.22
1572013772, 38, 22, 43, 0, 0, 0.14%, 5, 1, 4, 174.79
1572013787, 39, 5, 43, 0, 0, 0.14%, 5, 1, 4, 158.82
1572013793, 39, 6, 43, 0, 0, 0.14%, 5, 1, 4, 166.60
1572013813, 39, 7, 43, 0, 0, 0.14%, 5, 1, 4, 135.95
1572013823, 39, 9, 43, 0, 0, 0.14%, 5, 1, 4, 134.58
1572013829, 39, 22, 43, 0, 0, 0.14%, 5, 1, 4, 150.23
1572013839, 40, 6, 43, 0, 0, 0.14%, 5, 1, 4, 193.60
1572013854, 40, 7, 43, 0, 0, 0.14%, 5, 1, 4, 182.83
1572013864, 40, 22, 43, 0, 0, 0.14%, 5, 1, 4, 208.70
1572013874, 40, 36, 43, 0, 0, 0.14%, 5, 1, 4, 117.68
1572013900, 41, 1, 43, 0, 0, 0.14%, 5, 1, 4, 145.91
1572013910, 41, 6, 43, 0, 0, 0.14%, 5, 1, 4, 164.77
1572013925, 41, 7, 43, 0, 0, 0.14%, 5, 1, 4, 179.33
1572013935, 41, 10, 43, 0, 0, 0.14%, 5, 1, 4, 106.46
1572013940, 41, 22, 43, 0, 0, 0.14%, 5, 1, 4, 186.89
1572013951, 42, 6, 43, 0, 0, 0.14%, 5, 1, 4, 236.36
1572013961, 42, 7, 43, 0, 0, 0.14%, 5, 1, 4, 110.67
1572013971, 42, 22, 43, 0, 0, 0.14%, 5, 1, 4, 132.18
1572013981, 43, 6, 43, 0, 0, 0.14%, 5, 1, 4, 264.96
1572013997, 43, 7, 43, 0, 0, 0.14%, 5, 1, 4, 175.32
1572014007, 43, 12, 43, 0, 0, 0.14%, 5, 1, 4, 125.91
1572014012, 43, 22, 43, 0, 0, 0.14%, 5, 1, 4, 191.39
1572014022, 43, 28, 43, 0, 0, 0.14%, 5, 1, 4, 217.41
1572014048, 44, 0, 43, 0, 0, 0.14%, 5, 1, 4, 169.50
1572014053, 44, 6, 43, 0, 0, 0.14%, 5, 1, 4, 227.34
1572014073, 44, 7, 43, 0, 0, 0.14%, 5, 1, 4, 134.79
1572014084, 44, 22, 43, 0, 0, 0.14%, 5, 1, 4, 191.69
1572014094, 45, 5, 43, 0, 0, 0.14%, 5, 1, 4, 138.45
1572014104, 45, 6, 43, 0, 0, 0.14%, 5, 1, 4, 186.68
1572014125, 45, 7, 43, 0, 0, 0.14%, 5, 1, 4, 114.18
1572014130, 45, 13, 43, 0, 0, 0.14%, 5, 1, 4, 135.61
1572014135, 45, 18, 43, 0, 0, 0.14%, 5, 1, 4, 119.94
1572014140, 45, 22, 43, 0, 0, 0.14%, 5, 1, 4, 138.87
1572014150, 46, 6, 43, 0, 0, 0.14%, 5, 1, 4, 177.70
1572014171, 46, 7, 43, 0, 0, 0.14%, 5, 1, 4, 146.59
1572014181, 46, 22, 43, 0, 0, 0.14%, 5, 1, 4, 221.46
1572014186, 46, 31, 43, 0, 0, 0.14%, 5, 1, 4, 212.94
1572014237, 47, 6, 43, 0, 0, 0.14%, 5, 1, 4, 261.15
1572014248, 47, 7, 43, 0, 0, 0.14%, 5, 1, 4, 205.61
1572014258, 47, 22, 43, 0, 0, 0.14%, 5, 1, 4, 216.23
1572014268, 47, 24, 43, 0, 0, 0.14%, 5, 1, 4, 140.57
1572014273, 48, 6, 43, 0, 0, 0.14%, 5, 1, 4, 217.55
1572014288, 48, 7, 43, 0, 0, 0.14%, 5, 1, 4, 133.00
1572014299, 48, 13, 43, 0, 0, 0.14%, 5, 1, 4, 113.44
1572014309, 48, 22, 43, 0, 0, 0.14%, 5, 1, 4, 172.06
1572014319, 48, 30, 43, 0, 0, 0.14%, 5, 1, 4, 118.32
1572014334, 49, 1, 43, 0, 0, 0.14%, 5, 1, 4, 127.37
1572014344, 49, 6, 43, 0, 0, 0.14%, 5, 1, 4, 213.62
1572014360, 49, 7, 43, 0, 0, 0.14%, 5, 1, 4, 187.46
1572014365, 49, 22, 43, 0, 0, 0.14%, 5, 1, 4, 193.39
1572014375, 50, 6, 43, 0, 0, 0.14%, 5, 1, 4, 274.39
1572014390, 50, 7, 43, 0, 0, 0.14%, 5, 1, 4, 137.84
1572014400, 50, 19, 43, 0, 0, 0.14%, 5, 1, 4, 118.30
1572014405, 50, 22, 43, 0, 0, 0.14%, 5, 1, 4, 124.01
1572014421, 50, 32, 43, 0, 0, 0.14%, 5, 1, 4, 89.82
1572014431, 50, 41, 43, 0, 0, 0.14%, 5, 1, 4, 101.10
1572014441, 51, 6, 43, 0, 0, 0.14%, 5, 1, 4, 212.64
1572014456, 51, 7, 43, 0, 0, 0.14%, 5, 1, 4, 160.47
1572014461, 51, 22, 43, 0, 0, 0.14%, 5, 1, 4, 167.58
1572014472, 51, 28, 43, 0, 0, 0.14%, 5, 1, 4, 247.87
1572014482, 52, 6, 43, 0, 0, 0.14%, 5, 1, 4, 272.71
1572014497, 52, 7, 43, 0, 0, 0.14%, 5, 1, 4, 148.72
1572014502, 52, 22, 43, 0, 0, 0.14%, 5, 1, 4, 159.30
1572014512, 53, 6, 43, 0, 0, 0.14%, 5, 1, 4, 183.90
1572014533, 53, 7, 43, 0, 0, 0.14%, 5, 1, 4, 163.09
1572014538, 53, 22, 43, 0, 0, 0.14%, 5, 1, 4, 227.55
1572014548, 53, 23, 43, 0, 0, 0.14%, 5, 1, 4, 160.83
1572014558, 53, 25, 43, 0, 0, 0.14%, 5, 1, 4, 120.45
1572014563, 54, 6, 43, 0, 0, 0.14%, 5, 1, 4, 217.47
1572014579, 54, 7, 43, 0, 0, 0.14%, 5, 1, 4, 123.06
1572014589, 54, 11, 43, 0, 0, 0.14%, 5, 1, 4, 105.14
1572014594, 54, 22, 43, 0, 0, 0.14%, 5, 1, 4, 229.57
1572014604, 54, 34, 43, 0, 0, 0.14%, 5, 1, 4, 87.02
1572014620, 55, 6, 43, 0, 0, 0.14%, 5, 1, 4, 159.58
1572014635, 55, 7, 43, 0, 0, 0.14%, 5, 1, 4, 158.74
1572014640, 55, 22, 43, 0, 0, 0.14%, 5, 1, 4, 147.65
1572014650, 55, 25, 43, 0, 0, 0.14%, 5, 1, 4, 167.95
1572014661, 55, 35, 43, 0, 0, 0.14%, 5, 1, 4, 74.31
1572014676, 55, 42, 43, 0, 0, 0.14%, 5, 1, 4, 70.49
1572014701, 56, 6, 43, 0, 0, 0.14%, 5, 1, 4, 218.17
1572014717, 56, 7, 43, 0, 0, 0.14%, 5, 1, 4, 156.63
1572014727, 56, 22, 43, 0, 0, 0.14%, 5, 1, 4, 197.50
1572014742, 57, 6, 43, 0, 0, 0.14%, 5, 1, 4, 149.60
1572014758, 57, 7, 43, 0, 0, 0.14%, 5, 1, 4, 132.89
1572014768, 57, 16, 43, 0, 0, 0.14%, 5, 1, 4, 92.97
1572014773, 57, 17, 43, 0, 0, 0.14%, 5, 1, 4, 104.62
1572014778, 57, 18, 43, 0, 0, 0.14%, 5, 1, 4, 93.86
1572014788, 57, 22, 43, 0, 0, 0.14%, 5, 1, 4, 226.01
1572014798, 57, 34, 43, 0, 0, 0.14%, 5, 1, 4, 69.27
1572014814, 57, 42, 43, 0, 0, 0.14%, 5, 1, 4, 75.50
1572014839, 58, 4, 43, 0, 0, 0.14%, 5, 1, 4, 162.08
1572014844, 58, 6, 43, 0, 0, 0.14%, 5, 1, 4, 160.34
1572014865, 58, 7, 43, 0, 0, 0.14%, 5, 1, 4, 119.61
1572014870, 58, 22, 43, 0, 0, 0.14%, 5, 1, 4, 180.23
1572014880, 58, 35, 43, 0, 0, 0.14%, 5, 1, 4, 164.69
1572014896, 59, 0, 43, 0, 0, 0.14%, 5, 1, 4, 157.15
1572014901, 59, 6, 43, 0, 0, 0.14%, 5, 1, 4, 133.85
1572014916, 59, 7, 43, 0, 0, 0.14%, 5, 1, 4, 33.69
1572014926, 59, 17, 43, 0, 0, 0.14%, 5, 1, 4, 92.12
1572014931, 59, 22, 43, 0, 0, 0.14%, 5, 1, 4, 144.93
1572014947, 59, 36, 43, 0, 0, 0.14%, 5, 1, 4, 87.35
1572014957, 60, 6, 43, 0, 0, 0.14%, 5, 1, 4, 183.52
1572014972, 60, 7, 43, 0, 0, 0.14%, 5, 1, 4, 176.90
1572014982, 60, 22, 43, 0, 0, 0.14%, 5, 1, 4, 196.03
1572014993, 60, 28, 43, 0, 0, 0.14%, 5, 1, 4, 178.23
1572015008, 60, 37, 43, 0, 0, 0.14%, 5, 1, 4, 97.69
1572015033, 61, 3, 43, 0, 0, 0.14%, 5, 1, 4, 167.25
1572015038, 61, 6, 43, 0, 0, 0.14%, 5, 1, 4, 195.07
1572015054, 61, 7, 43, 0, 0, 0.14%, 5, 1, 4, 142.66
1572015064, 61, 8, 43, 0, 0, 0.14%, 5, 1, 4, 199.08
1572015074, 61, 22, 43, 0, 0, 0.14%, 5, 1, 4, 203.51
1572015090, 62, 6, 43, 0, 0, 0.14%, 5, 1, 4, 223.89
1572015100, 62, 7, 43, 0, 0, 0.14%, 5, 1, 4, 179.47
1572015110, 62, 22, 43, 0, 0, 0.14%, 5, 1, 4, 213.87
1572015120, 62, 23, 43, 0, 0, 0.14%, 5, 1, 4, 58.16
1572015125, 62, 27, 43, 0, 0, 0.14%, 5, 1, 4, 116.14
1572015136, 62, 28, 43, 0, 0, 0.14%, 5, 1, 4, 247.27
1572015141, 62, 40, 43, 0, 0, 0.14%, 5, 1, 4, 166.84
1572015146, 63, 5, 43, 0, 0, 0.14%, 5, 1, 4, 189.64
1572015156, 63, 6, 43, 0, 0, 0.14%, 5, 1, 4, 198.22
1572015171, 63, 7, 43, 0, 0, 0.14%, 5, 1, 4, 137.59
1572015176, 63, 22, 43, 0, 0, 0.14%, 5, 1, 4, 141.66
1572015191, 63, 42, 43, 0, 0, 0.14%, 5, 1, 4, 95.66
1572015217, 64, 6, 43, 0, 0, 0.14%, 5, 1, 4, 248.14
1572015232, 64, 7, 43, 0, 0, 0.14%, 5, 1, 4, 48.38
1572015237, 64, 22, 43, 0, 0, 0.14%, 5, 1, 4, 179.36
1572015248, 64, 28, 43, 0, 0, 0.14%, 5, 1, 4, 274.34
1572015258, 65, 6, 43, 0, 0, 0.14%, 5, 1, 4, 262.82
1572015273, 65, 7, 43, 0, 0, 0.14%, 5, 1, 4, 134.36
1572015283, 65, 16, 43, 0, 0, 0.14%, 5, 1, 4, 93.12
1572015288, 65, 22, 43, 0, 0, 0.14%, 5, 1, 4, 101.33
1572015304, 66, 6, 43, 0, 0, 0.14%, 5, 1, 4, 215.08
1572015319, 66, 7, 43, 0, 0, 0.14%, 5, 1, 4, 180.08
1572015329, 66, 10, 43, 0, 0, 0.14%, 5, 1, 4, 79.02
1572015334, 66, 12, 43, 0, 0, 0.14%, 5, 1, 4, 120.30
1572015340, 66, 22, 43, 0, 0, 0.14%, 5, 1, 4, 192.85
1572015350, 67, 6, 43, 0, 0, 0.14%, 5, 1, 4, 224.09
1572015370, 67, 7, 43, 0, 0, 0.14%, 5, 1, 4, 141.02
1572015380, 67, 22, 43, 0, 0, 0.14%, 5, 1, 4, 183.93
1572015391, 67, 24, 43, 0, 0, 0.14%, 5, 1, 4, 135.25
1572015396, 68, 1, 43, 0, 0, 0.14%, 5, 1, 4, 192.14
1572015406, 68, 6, 43, 0, 0, 0.14%, 5, 1, 4, 225.70
1572015421, 68, 7, 43, 0, 0, 0.14%, 5, 1, 4, 170.56
1572015426, 68, 22, 43, 0, 0, 0.14%, 5, 1, 4, 251.85
1572015437, 69, 6, 43, 0, 0, 0.14%, 5, 1, 4, 219.04
1572015452, 69, 7, 43, 0, 0, 0.14%, 5, 1, 4, 189.00
1572015462, 69, 10, 43, 0, 0, 0.14%, 5, 1, 4, 95.56
1572015467, 69, 22, 43, 0, 0, 0.14%, 5, 1, 4, 215.47
1572015477, 69, 30, 43, 0, 0, 0.14%, 5, 1, 4, 118.09
1572015487, 70, 1, 43, 0, 0, 0.14%, 5, 1, 4, 165.98
1572015498, 70, 6, 43, 0, 0, 0.14%, 5, 1, 4, 220.75
1572015508, 70, 7, 43, 0, 0, 0.14%, 5, 1, 4, 208.73
1572015518, 70, 22, 43, 0, 0, 0.14%, 5, 1, 4, 227.56
1572015528, 70, 23, 43, 0, 0, 0.14%, 5, 1, 4, 214.18
1572015533, 71, 1, 43, 0, 0, 0.14%, 5, 1, 4, 190.21
1572015543, 71, 4, 43, 0, 0, 0.14%, 5, 1, 4, 174.58
1572015549, 71, 6, 43, 0, 0, 0.14%, 5, 1, 4, 169.90
1572015569, 71, 7, 43, 0, 0, 0.14%, 5, 1, 4, 173.64
1572015574, 71, 22, 43, 0, 0, 0.14%, 5, 1, 4, 240.24
1572015584, 72, 6, 43, 0, 0, 0.14%, 5, 1, 4, 263.12
1572015599, 72, 7, 43, 0, 0, 0.14%, 5, 1, 4, 31.26
1572015609, 72, 18, 43, 0, 0, 0.14%, 5, 1, 4, 86.95
1572015614, 72, 22, 43, 0, 0, 0.14%, 5, 1, 4, 193.31
1572015625, 72, 30, 43, 0, 0, 0.14%, 5, 1, 4, 114.55
1572015635, 73, 6, 43, 0, 0, 0.14%, 5, 1, 4, 203.95
1572015650, 73, 7, 43, 0, 0, 0.14%, 5, 1, 4, 140.87
1572015655, 73, 22, 43, 0, 0, 0.14%, 5, 1, 4, 126.63
1572015671, 73, 42, 43, 0, 0, 0.14%, 5, 1, 4, 98.21
1572015696, 74, 6, 43, 0, 0, 0.14%, 5, 1, 4, 181.50
1572015711, 74, 7, 43, 0, 0, 0.14%, 5, 1, 4, 133.32
1572015716, 74, 13, 43, 0, 0, 0.14%, 5, 1, 4, 126.71
1572015727, 74, 20, 43, 0, 0, 0.14%, 5, 1, 4, 91.67
1572015732, 74, 22, 43, 0, 0, 0.14%, 5, 1, 4, 184.99
1572015742, 74, 28, 43, 0, 0, 0.14%, 5, 1, 4, 197.43
1572015752, 75, 6, 43, 0, 0, 0.14%, 5, 1, 4, 224.15
1572015768, 75, 7, 43, 0, 0, 0.14%, 5, 1, 4, 129.67
1572015773, 75, 22, 43, 0, 0, 0.14%, 5, 1, 4, 213.87
1572015783, 75, 39, 43, 0, 0, 0.14%, 5, 1, 4, 221.78
1572015788, 76, 6, 43, 0, 0, 0.14%, 5, 1, 4, 170.10
1572015804, 76, 7, 43, 0, 0, 0.14%, 5, 1, 4, 192.66
1572015809, 76, 21, 43, 0, 0, 0.14%, 5, 1, 4, 107.84
1572015814, 76, 22, 43, 0, 0, 0.14%, 5, 1, 4, 199.76
1572015824, 76, 30, 43, 0, 0, 0.14%, 5, 1, 4, 137.54
1572015834, 76, 32, 43, 0, 0, 0.14%, 5, 1, 4, 70.18
1572015844, 77, 1, 43, 0, 0, 0.14%, 5, 1, 4, 153.56
1572015854, 77, 4, 43, 0, 0, 0.14%, 5, 1, 4, 162.96
1572015860, 77, 6, 43, 0, 0, 0.14%, 5, 1, 4, 137.30
1572015880, 77, 7, 43, 0, 0, 0.14%, 5, 1, 4, 121.29
1572015885, 77, 13, 43, 0, 0, 0.14%, 5, 1, 4, 145.66
1572015895, 77, 22, 43, 0, 0, 0.14%, 5, 1, 4, 192.75
1572015905, 77, 41, 43, 0, 0, 0.14%, 5, 1, 4, 209.60
1572015910, 78, 6, 43, 0, 0, 0.14%, 5, 1, 4, 241.84
1572015925, 78, 7, 43, 0, 0, 0.14%, 5, 1, 4, 149.78
1572015930, 78, 22, 43, 0, 0, 0.14%, 5, 1, 4, 218.29
1572015940, 79, 6, 43, 0, 0, 0.14%, 5, 1, 4, 260.55
1572015956, 79, 7, 43, 0, 0, 0.14%, 5, 1, 4, 147.46
1572015966, 79, 22, 43, 0, 0, 0.14%, 5, 1, 4, 220.73
1572015976, 79, 28, 43, 0, 0, 0.14%, 5, 1, 4, 243.64
1572015987, 79, 42, 43, 0, 0, 0.14%, 5, 1, 4, 129.16
1572016002, 80, 6, 43, 0, 0, 0.14%, 5, 1, 4, 164.30
1572016017, 80, 7, 43, 0, 0, 0.14%, 5, 1, 4, 130.51
1572016027, 80, 22, 43, 0, 0, 0.14%, 5, 1, 4, 210.92
1572016038, 81, 6, 43, 0, 0, 0.14%, 5, 1, 4, 232.37
1572016048, 81, 7, 43, 0, 0, 0.14%, 5, 1, 4, 181.80
1572016053, 81, 20, 43, 0, 0, 0.14%, 5, 1, 4, 144.95
1572016058, 81, 22, 43, 0, 0, 0.14%, 5, 1, 4, 114.34
1572016068, 82, 6, 43, 0, 0, 0.14%, 5, 1, 4, 279.98
1572016084, 82, 7, 43, 0, 0, 0.14%, 5, 1, 4, 164.15
1572016089, 82, 22, 43, 0, 0, 0.14%, 5, 1, 4, 230.39
1572016099, 83, 5, 43, 0, 0, 0.14%, 5, 1, 4, 199.49
1572016104, 83, 6, 43, 0, 0, 0.14%, 5, 1, 4, 235.01
1572016119, 83, 7, 43, 0, 0, 0.14%, 5, 1, 4, 162.23
1572016130, 83, 22, 43, 0, 0, 0.14%, 5, 1, 4, 240.65
1572016135, 83, 36, 43, 0, 0, 0.14%, 5, 1, 4, 210.29
1572016150, 84, 6, 43, 0, 0, 0.14%, 5, 1, 4, 43.64
1572016160, 84, 7, 43, 0, 0, 0.14%, 5, 1, 4, 161.33
1572016170, 84, 22, 43, 0, 0, 0.14%, 5, 1, 4, 247.42
1572016176, 84, 30, 43, 0, 0, 0.14%, 5, 1, 4, 205.52
1572016186, 85, 6, 43, 0, 0, 0.14%, 5, 1, 4, 168.60
1572016206, 85, 7, 43, 0, 0, 0.14%, 5, 1, 4, 115.45
1572016216, 85, 22, 43, 0, 0, 0.14%, 5, 1, 4, 177.02
1572016227, 85, 30, 43, 0, 0, 0.14%, 5, 1, 4, 114.62
1572016237, 86, 6, 43, 0, 0, 0.14%, 5, 1, 4, 28.83
1572016252, 86, 7, 43, 0, 0, 0.14%, 5, 1, 4, 140.91
1572016257, 86, 22, 43, 0, 0, 0.14%, 5, 1, 4, 134.40
1572016267, 86, 29, 43, 0, 0, 0.14%, 5, 1, 4, 257.40
1572016283, 86, 31, 43, 0, 0, 0.14%, 5, 1, 4, 262.63
1572016303, 86, 39, 43, 0, 0, 0.14%, 5, 1, 4, 215.82
1572016308, 87, 6, 43, 0, 0, 0.14%, 5, 1, 4, 225.97
1572016318, 87, 7, 43, 0, 0, 0.14%, 5, 1, 4, 136.12
1572016329, 87, 9, 43, 0, 0, 0.14%, 5, 1, 4, 155.75
1572016339, 87, 22, 43, 0, 0, 0.14%, 5, 1, 4, 258.80
1572016344, 87, 33, 43, 0, 0, 0.14%, 5, 1, 4, 199.09
1572016385, 88, 1, 43, 0, 0, 0.14%, 5, 1, 4, 156.97
1572016395, 88, 6, 43, 0, 0, 0.14%, 5, 1, 4, 189.44
1572016411, 88, 7, 43, 0, 0, 0.14%, 5, 1, 4, 130.77
1572016416, 88, 12, 43, 0, 0, 0.14%, 5, 1, 4, 148.06
1572016421, 88, 22, 43, 0, 0, 0.14%, 5, 1, 4, 146.92
1572016431, 88, 37, 43, 0, 0, 0.14%, 5, 1, 4, 170.24
1572016467, 89, 0, 43, 0, 0, 0.14%, 5, 1, 4, 129.99
1572016472, 89, 6, 43, 0, 0, 0.14%, 5, 1, 4, 193.00
1572016492, 89, 7, 43, 0, 0, 0.14%, 5, 1, 4, 141.64
1572016497, 89, 19, 43, 0, 0, 0.14%, 5, 1, 4, 126.99
1572016508, 89, 22, 43, 0, 0, 0.14%, 5, 1, 4, 207.33
1572016518, 89, 28, 43, 0, 0, 0.14%, 5, 1, 4, 68.32
1572016528, 89, 40, 43, 0, 0, 0.14%, 5, 1, 4, 106.32
1572016533, 90, 6, 43, 0, 0, 0.14%, 5, 1, 4, 177.77
1572016549, 90, 7, 43, 0, 0, 0.14%, 5, 1, 4, 185.62
1572016559, 90, 12, 43, 0, 0, 0.14%, 5, 1, 4, 104.02
1572016564, 90, 22, 43, 0, 0, 0.14%, 5, 1, 4, 191.35
1572016574, 90, 29, 43, 0, 0, 0.14%, 5, 1, 4, 192.94
1572016584, 91, 3, 43, 0, 0, 0.14%, 5, 1, 4, 197.11
1572016594, 91, 6, 43, 0, 0, 0.14%, 5, 1, 4, 148.26
1572016609, 91, 7, 43, 0, 0, 0.14%, 5, 1, 4, 170.48
1572016620, 91, 22, 43, 0, 0, 0.14%, 5, 1, 4, 206.37
1572016630, 92, 6, 43, 0, 0, 0.14%, 5, 1, 4, 203.98
1572016645, 92, 7, 43, 0, 0, 0.14%, 5, 1, 4, 148.69
1572016650, 92, 10, 43, 0, 0, 0.14%, 5, 1, 4, 122.15
1572016655, 92, 22, 43, 0, 0, 0.14%, 5, 1, 4, 149.99
1572016666, 92, 23, 43, 0, 0, 0.14%, 5, 1, 4, 157.92
1572016676, 92, 27, 43, 0, 0, 0.14%, 5, 1, 4, 130.53
1572016681, 92, 32, 43, 0, 0, 0.14%, 5, 1, 4, 87.07
1572016686, 93, 6, 43, 0, 0, 0.14%, 5, 1, 4, 184.60
1572016701, 93, 7, 43, 0, 0, 0.14%, 5, 1, 4, 176.17
1572016711, 93, 10, 43, 0, 0, 0.14%, 5, 1, 4, 100.01
1572016717, 93, 12, 43, 0, 0, 0.14%, 5, 1, 4, 126.56
1572016722, 93, 22, 43, 0, 0, 0.14%, 5, 1, 4, 216.88
1572016732, 93, 41, 43, 0, 0, 0.14%, 5, 1, 4, 215.79
1572016737, 94, 6, 43, 0, 0, 0.14%, 5, 1, 4, 197.05
1572016747, 94, 7, 43, 0, 0, 0.14%, 5, 1, 4, 186.87
1572016758, 94, 22, 43, 0, 0, 0.14%, 5, 1, 4, 224.49
1572016768, 94, 35, 43, 0, 0, 0.14%, 5, 1, 4, 94.50
1572016773, 94, 40, 43, 0, 0, 0.14%, 5, 1, 4, 93.81
1572016783, 95, 6, 43, 0, 0, 0.14%, 5, 1, 4, 189.84
1572016798, 95, 7, 43, 0, 0, 0.14%, 5, 1, 4, 134.16
1572016809, 95, 22, 43, 0, 0, 0.14%, 5, 1, 4, 209.31
1572016819, 95, 30, 43, 0, 0, 0.14%, 5, 1, 4, 142.18
1572016829, 96, 6, 43, 0, 0, 0.14%, 5, 1, 4, 198.99
1572016844, 96, 7, 43, 0, 0, 0.14%, 5, 1, 4, 178.19
1572016855, 96, 16, 43, 0, 0, 0.14%, 5, 1, 4, 95.94
1572016860, 96, 22, 43, 0, 0, 0.14%, 5, 1, 4, 209.11
1572016870, 96, 30, 43, 0, 0, 0.14%, 5, 1, 4, 134.28
1572016880, 96, 33, 43, 0, 0, 0.14%, 5, 1, 4, 75.37
1572016901, 97, 6, 43, 0, 0, 0.14%, 5, 1, 4, 113.71
1572016916, 97, 7, 43, 0, 0, 0.14%, 5, 1, 4, 142.27
1572016921, 97, 22, 43, 0, 0, 0.14%, 5, 1, 4, 162.14
1572016931, 98, 6, 43, 0, 0, 0.14%, 5, 1, 4, 187.58
1572016941, 98, 7, 43, 0, 0, 0.14%, 5, 1, 4, 225.16
1572016947, 98, 8, 43, 0, 0, 0.14%, 5, 1, 4, 190.59
1572016962, 98, 22, 43, 0, 0, 0.14%, 5, 1, 4, 218.64
1572016972, 98, 35, 43, 0, 0, 0.14%, 5, 1, 4, 133.36
1572016977, 98, 42, 43, 0, 0, 0.14%, 5, 1, 4, 96.86
1572016992, 99, 6, 43, 0, 0, 0.14%, 5, 1, 4, 243.18
1572017008, 99, 7, 43, 0, 0, 0.14%, 5, 1, 4, 147.41
1572017013, 99, 22, 43, 0, 0, 0.14%, 5, 1, 4, 181.05
1572017023, 99, 26, 43, 0, 0, 0.14%, 5, 1, 4, 150.05
1572017038, 100, 6, 43, 0, 0, 0.14%, 5, 1, 4, 41.25
1572017054, 100, 7, 43, 0, 0, 0.14%, 5, 1, 4, 208.04
1572017059, 100, 11, 43, 0, 0, 0.14%, 5, 1, 4, 119.18
1572017064, 100, 15, 43, 0, 0, 0.14%, 5, 1, 4, 165.63
1572017069, 100, 22, 43, 0, 0, 0.14%, 5, 1, 4, 214.28
1572017079, 101, 1, 43, 0, 0, 0.14%, 5, 1, 4, 246.30
1572017090, 101, 6, 43, 0, 0, 0.14%, 5, 1, 4, 270.39
1572017100, 101, 7, 43, 0, 0, 0.14%, 5, 1, 4, 203.59
1572017110, 101, 9, 43, 0, 0, 0.14%, 5, 1, 4, 139.28
1572017115, 101, 11, 43, 0, 0, 0.14%, 5, 1, 4, 129.01
1572017120, 101, 22, 43, 0, 0, 0.14%, 5, 1, 4, 250.14
1572017125, 101, 24, 43, 0, 0, 0.14%, 5, 1, 4, 202.27
1572017136, 101, 27, 43, 0, 0, 0.14%, 5, 1, 4, 114.39
1572017141, 102, 6, 43, 0, 0, 0.14%, 5, 1, 4, 200.91
1572017151, 102, 7, 43, 0, 0, 0.14%, 5, 1, 4, 185.01
1572017161, 102, 22, 43, 0, 0, 0.14%, 5, 1, 4, 219.13
1572017176, 102, 38, 43, 0, 0, 0.14%, 5, 1, 4, 75.45
1572017197, 102, 39, 43, 0, 0, 0.14%, 5, 1, 4, 130.74
1572017202, 103, 6, 43, 0, 0, 0.14%, 5, 1, 4, 199.37
1572017217, 103, 7, 43, 0, 0, 0.14%, 5, 1, 4, 161.35
1572017227, 103, 17, 43, 0, 0, 0.14%, 5, 1, 4, 108.96
1572017232, 103, 22, 43, 0, 0, 0.14%, 5, 1, 4, 244.77
1572017242, 103, 27, 43, 0, 0, 0.14%, 5, 1, 4, 132.61
1572017248, 103, 42, 43, 0, 0, 0.14%, 5, 1, 4, 98.16
1572017253, 104, 4, 43, 0, 0, 0.14%, 5, 1, 4, 140.12
1572017263, 104, 6, 43, 0, 0, 0.14%, 5, 1, 4, 219.39
1572017278, 104, 7, 43, 0, 0, 0.14%, 5, 1, 4, 147.50
1572017288, 104, 18, 43, 0, 0, 0.14%, 5, 1, 4, 88.43
1572017293, 104, 22, 43, 0, 0, 0.14%, 5, 1, 4, 135.18
1572017304, 105, 2, 43, 0, 0, 0.14%, 5, 1, 4, 150.92
1572017314, 105, 6, 43, 0, 0, 0.14%, 5, 1, 4, 231.81
1572017329, 105, 7, 43, 0, 0, 0.14%, 5, 1, 4, 137.28
1572017339, 105, 22, 43, 0, 0, 0.14%, 5, 1, 4, 249.41
1572017344, 105, 34, 43, 0, 0, 0.14%, 5, 1, 4, 201.21
1572017355, 105, 36, 43, 0, 0, 0.14%, 5, 1, 4, 77.00
1572017365, 106, 6, 43, 0, 0, 0.14%, 5, 1, 4, 208.93
1572017380, 106, 7, 43, 0, 0, 0.14%, 5, 1, 4, 168.51
1572017385, 106, 11, 43, 0, 0, 0.14%, 5, 1, 4, 102.19
1572017390, 106, 22, 43, 0, 0, 0.14%, 5, 1, 4, 186.46
1572017401, 106, 29, 43, 0, 0, 0.14%, 5, 1, 4, 257.88
1572017416, 106, 30, 43, 0, 0, 0.14%, 5, 1, 4, 87.85
1572017432, 107, 6, 43, 0, 0, 0.14%, 5, 1, 4, 162.71
1572017452, 107, 7, 43, 0, 0, 0.14%, 5, 1, 4, 78.29
1572017467, 107, 22, 43, 0, 0, 0.14%, 5, 1, 4, 146.67
1572017483, 108, 6, 43, 0, 0, 0.14%, 5, 1, 4, 169.85
1572017503, 108, 7, 43, 0, 0, 0.14%, 5, 1, 4, 121.26
1572017513, 108, 22, 43, 0, 0, 0.14%, 5, 1, 4, 150.87
1572017529, 108, 30, 43, 0, 0, 0.14%, 5, 1, 4, 93.50
1572017539, 108, 35, 43, 0, 0, 0.14%, 5, 1, 4, 60.73
1572017549, 109, 6, 43, 0, 0, 0.14%, 5, 1, 4, 116.00
1572017569, 109, 7, 43, 0, 0, 0.14%, 5, 1, 4, 147.49
1572017580, 109, 9, 43, 0, 0, 0.14%, 5, 1, 4, 101.24
1572017590, 109, 16, 43, 0, 0, 0.14%, 5, 1, 4, 62.04
1572017600, 109, 22, 43, 0, 0, 0.14%, 5, 1, 4, 159.53
1572017610, 109, 33, 43, 0, 0, 0.14%, 5, 1, 4, 141.60
1572017631, 110, 6, 43, 0, 0, 0.14%, 5, 1, 4, 205.04
1572017641, 110, 7, 43, 0, 0, 0.14%, 5, 1, 4, 213.25
1572017651, 110, 17, 43, 0, 0, 0.14%, 5, 1, 4, 112.36
1572017656, 110, 22, 43, 0, 0, 0.14%, 5, 1, 4, 186.47
1572017672, 110, 25, 43, 0, 0, 0.14%, 5, 1, 4, 84.42
1572017677, 111, 6, 43, 0, 0, 0.14%, 5, 1, 4, 208.83
1572017692, 111, 7, 43, 0, 0, 0.14%, 5, 1, 4, 140.62
1572017702, 111, 22, 43, 0, 0, 0.14%, 5, 1, 4, 155.84
1572017717, 111, 32, 43, 0, 0, 0.14%, 5, 1, 4, 96.13
1572017722, 112, 6, 43, 0, 0, 0.14%, 5, 1, 4, 113.83
1572017738, 112, 7, 43, 0, 0, 0.14%, 5, 1, 4, 127.68
1572017748, 112, 22, 43, 0, 0, 0.14%, 5, 1, 4, 143.65
1572017758, 112, 29, 43, 0, 0, 0.14%, 5, 1, 4, 179.72
1572017773, 113, 6, 43, 0, 0, 0.14%, 5, 1, 4, 196.52
1572017784, 113, 7, 43, 0, 0, 0.14%, 5, 1, 4, 152.94
1572017794, 113, 11, 43, 0, 0, 0.14%, 5, 1, 4, 95.91
1572017799, 113, 22, 43, 0, 0, 0.14%, 5, 1, 4, 200.25
1572017809, 114, 3, 43, 0, 0, 0.14%, 5, 1, 4, 236.47
1572017820, 114, 6, 43, 0, 0, 0.14%, 5, 1, 4, 194.59
1572017835, 114, 7, 43, 0, 0, 0.14%, 5, 1, 4, 160.97
1572017845, 114, 22, 43, 0, 0, 0.14%, 5, 1, 4, 164.67
1572017855, 115, 6, 43, 0, 0, 0.14%, 5, 1, 4, 233.91
1572017870, 115, 7, 43, 0, 0, 0.14%, 5, 1, 4, 150.83
1572017881, 115, 17, 43, 0, 0, 0.14%, 5, 1, 4, 118.93
1572017891, 115, 22, 43, 0, 0, 0.14%, 5, 1, 4, 153.50
1572017911, 115, 35, 43, 0, 0, 0.14%, 5, 1, 4, 50.39
1572017921, 115, 39, 43, 0, 0, 0.14%, 5, 1, 4, 55.29
1572017932, 116, 0, 43, 0, 0, 0.14%, 5, 1, 4, 104.35
1572017947, 116, 6, 43, 0, 0, 0.14%, 5, 1, 4, 134.99
1572017973, 116, 7, 43, 0, 0, 0.14%, 5, 1, 4, 108.47
1572017988, 116, 22, 43, 0, 0, 0.14%, 5, 1, 4, 147.01
1572018004, 116, 29, 43, 0, 0, 0.14%, 5, 1, 4, 133.15
1572018024, 117, 6, 43, 0, 0, 0.14%, 5, 1, 4, 133.52
1572018044, 117, 7, 43, 0, 0, 0.14%, 5, 1, 4, 88.54
1572018060, 117, 22, 43, 0, 0, 0.14%, 5, 1, 4, 73.76
1572018075, 118, 6, 43, 0, 0, 0.14%, 5, 1, 4, 167.94
1572018095, 118, 7, 43, 0, 0, 0.14%, 5, 1, 4, 153.15
1572018105, 118, 20, 43, 0, 0, 0.14%, 5, 1, 4, 98.58
1572018111, 118, 22, 43, 0, 0, 0.14%, 5, 1, 4, 194.40
1572018121, 119, 6, 43, 0, 0, 0.14%, 5, 1, 4, 218.92
1572018146, 119, 7, 43, 0, 0, 0.14%, 5, 1, 4, 95.25
1572018162, 119, 12, 43, 0, 0, 0.14%, 5, 1, 4, 79.83
1572018167, 119, 22, 43, 0, 0, 0.14%, 5, 1, 4, 88.74
1572018182, 119, 26, 43, 0, 0, 0.14%, 5, 1, 4, 106.85
1572018187, 119, 37, 43, 0, 0, 0.14%, 5, 1, 4, 79.08
1572018223, 119, 38, 43, 0, 0, 0.14%, 5, 1, 4, 58.90
1572018238, 120, 6, 43, 0, 0, 0.14%, 5, 1, 4, 178.28
1572018254, 120, 7, 43, 0, 0, 0.14%, 5, 1, 4, 170.18
1572018264, 120, 18, 43, 0, 0, 0.14%, 5, 1, 4, 96.42
1572018269, 120, 22, 43, 0, 0, 0.14%, 5, 1, 4, 197.80
1572018279, 120, 33, 43, 0, 0, 0.14%, 5, 1, 4, 147.55
1572018300, 121, 6, 43, 0, 0, 0.14%, 5, 1, 4, 194.39
1572018315, 121, 7, 43, 0, 0, 0.14%, 5, 1, 4, 157.34
1572018320, 121, 8, 43, 0, 0, 0.14%, 5, 1, 4, 206.17
1572018330, 121, 22, 43, 0, 0, 0.14%, 5, 1, 4, 214.64
1572018345, 121, 27, 43, 0, 0, 0.14%, 5, 1, 4, 60.56
1572018355, 122, 6, 43, 0, 0, 0.14%, 5, 1, 4, 108.98
1572018386, 122, 7, 43, 0, 0, 0.14%, 5, 1, 4, 90.92
1572018396, 122, 19, 43, 0, 0, 0.14%, 5, 1, 4, 76.11
1572018407, 122, 22, 43, 0, 0, 0.14%, 5, 1, 4, 93.02
1572018422, 122, 25, 43, 0, 0, 0.14%, 5, 1, 4, 118.06
1572018432, 122, 28, 43, 0, 0, 0.14%, 5, 1, 4, 111.09
1572018447, 123, 6, 43, 0, 0, 0.14%, 5, 1, 4, 149.41
1572018478, 123, 7, 43, 0, 0, 0.14%, 5, 1, 4, 130.16
1572018488, 123, 8, 43, 0, 0, 0.14%, 5, 1, 4, 215.10
1572018498, 123, 13, 43, 0, 0, 0.14%, 5, 1, 4, 114.57
1572018503, 123, 16, 43, 0, 0, 0.14%, 5, 1, 4, 84.46
1572018513, 123, 22, 43, 0, 0, 0.14%, 5, 1, 4, 146.80
1572018534, 124, 6, 43, 0, 0, 0.14%, 5, 1, 4, 129.90
1572018554, 124, 7, 43, 0, 0, 0.14%, 5, 1, 4, 92.64
1572018564, 124, 15, 43, 0, 0, 0.14%, 5, 1, 4, 129.67
1572018580, 124, 20, 43, 0, 0, 0.14%, 5, 1, 4, 76.17
1572018585, 124, 22, 43, 0, 0, 0.14%, 5, 1, 4, 61.00
1572018610, 125, 6, 43, 0, 0, 0.14%, 5, 1, 4, 176.16
1572018631, 125, 7, 43, 0, 0, 0.14%, 5, 1, 4, 129.93
1572018641, 125, 22, 43, 0, 0, 0.14%, 5, 1, 4, 129.64
1572018656, 126, 0, 43, 0, 0, 0.14%, 5, 1, 4, 103.72
1572018672, 126, 6, 43, 0, 0, 0.14%, 5, 1, 4, 84.53
1572018697, 126, 7, 43, 0, 0, 0.14%, 5, 1, 4, 101.72
1572018707, 126, 14, 43, 0, 0, 0.14%, 5, 1, 4, 62.12
1572018713, 126, 22, 43, 0, 0, 0.14%, 5, 1, 4, 177.09
1572018728, 126, 30, 43, 0, 0, 0.14%, 5, 1, 4, 75.44
1572018738, 127, 2, 43, 0, 0, 0.14%, 5, 1, 4, 119.43
1572018749, 127, 6, 43, 0, 0, 0.14%, 5, 1, 4, 184.69
1572018764, 127, 7, 43, 0, 0, 0.14%, 5, 1, 4, 144.75
1572018774, 127, 22, 43, 0, 0, 0.14%, 5, 1, 4, 215.97
1572018789, 127, 24, 43, 0, 0, 0.14%, 5, 1, 4, 78.98
1572018795, 128, 6, 43, 0, 0, 0.14%, 5, 1, 4, 201.71
1572018815, 128, 7, 43, 0, 0, 0.14%, 5, 1, 4, 115.98
1572018820, 128, 22, 43, 0, 0, 0.14%, 5, 1, 4, 136.67
1572018835, 128, 25, 43, 0, 0, 0.14%, 5, 1, 4, 134.62
1572018840, 128, 29, 43, 0, 0, 0.14%, 5, 1, 4, 159.06
1572018856, 128, 38, 43, 0, 0, 0.14%, 5, 1, 4, 76.33
1572018871, 129, 6, 43, 0, 0, 0.14%, 5, 1, 4, 72.05
1572018901, 129, 7, 43, 0, 0, 0.14%, 5, 1, 4, 121.66
1572018912, 129, 18, 43, 0, 0, 0.14%, 5, 1, 4, 86.46
1572018917, 129, 22, 43, 0, 0, 0.14%, 5, 1, 4, 206.38
1572018927, 129, 23, 43, 0, 0, 0.14%, 5, 1, 4, 200.71
1572018932, 130, 6, 43, 0, 0, 0.14%, 5, 1, 4, 256.74
1572018947, 130, 7, 43, 0, 0, 0.14%, 5, 1, 4, 142.19
1572018958, 130, 22, 43, 0, 0, 0.14%, 5, 1, 4, 165.65
1572018968, 131, 6, 43, 0, 0, 0.14%, 5, 1, 4, 219.99
1572018983, 131, 7, 43, 0, 0, 0.14%, 5, 1, 4, 145.61
1572018988, 131, 22, 43, 0, 0, 0.14%, 5, 1, 4, 155.13
1572019003, 131, 26, 43, 0, 0, 0.14%, 5, 1, 4, 101.85
1572019009, 132, 6, 43, 0, 0, 0.14%, 5, 1, 4, 138.40
1572019024, 132, 7, 43, 0, 0, 0.14%, 5, 1, 4, 77.86
1572019034, 132, 18, 43, 0, 0, 0.14%, 5, 1, 4, 93.30
1572019039, 132, 22, 43, 0, 0, 0.14%, 5, 1, 4, 114.80
1572019054, 132, 28, 43, 0, 0, 0.14%, 5, 1, 4, 214.31
1572019069, 133, 5, 43, 0, 0, 0.14%, 5, 1, 4, 112.05
1572019080, 133, 6, 43, 0, 0, 0.14%, 5, 1, 4, 143.59
1572019095, 133, 7, 43, 0, 0, 0.14%, 5, 1, 4, 106.82
1572019105, 133, 19, 43, 0, 0, 0.14%, 5, 1, 4, 117.24
1572019110, 133, 22, 43, 0, 0, 0.14%, 5, 1, 4, 122.91
1572019126, 133, 30, 43, 0, 0, 0.14%, 5, 1, 4, 100.69
1572019136, 134, 6, 43, 0, 0, 0.14%, 5, 1, 4, 167.94
1572019151, 134, 7, 43, 0, 0, 0.14%, 5, 1, 4, 141.02
1572019161, 134, 19, 43, 0, 0, 0.14%, 5, 1, 4, 123.28
1572019167, 134, 21, 43, 0, 0, 0.14%, 5, 1, 4, 85.31
1572019172, 134, 22, 43, 0, 0, 0.14%, 5, 1, 4, 223.47
1572019182, 134, 39, 43, 0, 0, 0.14%, 5, 1, 4, 202.22
1572019187, 135, 6, 43, 0, 0, 0.14%, 5, 1, 4, 49.80
1572019202, 135, 7, 43, 0, 0, 0.14%, 5, 1, 4, 137.54
1572019213, 135, 22, 43, 0, 0, 0.14%, 5, 1, 4, 204.96
1572019223, 136, 0, 43, 0, 0, 0.14%, 5, 1, 4, 157.90
1572019228, 136, 6, 43, 0, 0, 0.14%, 5, 1, 4, 189.87
1572019243, 136, 7, 43, 0, 0, 0.14%, 5, 1, 4, 172.37
1572019248, 136, 9, 43, 0, 0, 0.14%, 5, 1, 4, 179.62
1572019259, 136, 15, 43, 0, 0, 0.14%, 5, 1, 4, 151.55
1572019269, 136, 22, 43, 0, 0, 0.14%, 5, 1, 4, 180.45
1572019279, 136, 29, 43, 0, 0, 0.14%, 5, 1, 4, 226.08
1572019290, 136, 30, 43, 0, 0, 0.14%, 5, 1, 4, 126.21
1572019300, 136, 42, 43, 0, 0, 0.14%, 5, 1, 4, 75.64
1572019305, 137, 6, 43, 0, 0, 0.14%, 5, 1, 4, 215.52
1572019320, 137, 7, 43, 0, 0, 0.14%, 5, 1, 4, 153.09
1572019325, 137, 14, 43, 0, 0, 0.14%, 5, 1, 4, 99.00
1572019335, 137, 22, 43, 0, 0, 0.14%, 5, 1, 4, 152.45
1572019351, 137, 27, 43, 0, 0, 0.14%, 5, 1, 4, 98.67
1572019361, 138, 3, 43, 0, 0, 0.14%, 5, 1, 4, 91.58
1572019376, 138, 6, 43, 0, 0, 0.14%, 5, 1, 4, 148.92
1572019397, 138, 7, 43, 0, 0, 0.14%, 5, 1, 4, 115.58
1572019407, 138, 10, 43, 0, 0, 0.14%, 5, 1, 4, 86.16
1572019412, 138, 22, 43, 0, 0, 0.14%, 5, 1, 4, 134.04
1572019427, 138, 24, 43, 0, 0, 0.14%, 5, 1, 4, 99.31
1572019432, 138, 42, 43, 0, 0, 0.14%, 5, 1, 4, 76.08
1572019443, 139, 6, 43, 0, 0, 0.14%, 5, 1, 4, 187.25
1572019463, 139, 7, 43, 0, 0, 0.14%, 5, 1, 4, 144.27
1572019473, 139, 22, 43, 0, 0, 0.14%, 5, 1, 4, 149.08
1572019488, 139, 34, 43, 0, 0, 0.14%, 5, 1, 4, 57.01
1572019493, 140, 6, 43, 0, 0, 0.14%, 5, 1, 4, 108.75
1572019514, 140, 7, 43, 0, 0, 0.14%, 5, 1, 4, 149.50
1572019524, 140, 17, 43, 0, 0, 0.14%, 5, 1, 4, 94.56
1572019529, 140, 22, 43, 0, 0, 0.14%, 5, 1, 4, 125.93
1572019540, 141, 6, 43, 0, 0, 0.14%, 5, 1, 4, 174.44
1572019560, 141, 7, 43, 0, 0, 0.14%, 5, 1, 4, 104.75
1572019570, 141, 22, 43, 0, 0, 0.14%, 5, 1, 4, 59.18
1572019591, 142, 6, 43, 0, 0, 0.14%, 5, 1, 4, 152.71
1572019611, 142, 7, 43, 0, 0, 0.14%, 5, 1, 4, 117.86
1572019621, 142, 19, 43, 0, 0, 0.14%, 5, 1, 4, 78.72
1572019632, 142, 20, 43, 0, 0, 0.14%, 5, 1, 4, 73.24
1572019637, 142, 22, 43, 0, 0, 0.14%, 5, 1, 4, 65.23
1572019657, 142, 28, 43, 0, 0, 0.14%, 5, 1, 4, 213.65
1572019667, 142, 29, 43, 0, 0, 0.14%, 5, 1, 4, 170.52
1572019682, 142, 32, 43, 0, 0, 0.14%, 5, 1, 4, 90.00
1572019687, 143, 6, 43, 0, 0, 0.14%, 5, 1, 4, 204.95
1572019708, 143, 7, 43, 0, 0, 0.14%, 5, 1, 4, 125.45
1572019713, 143, 21, 43, 0, 0, 0.14%, 5, 1, 4, 96.22
1572019718, 143, 22, 43, 0, 0, 0.14%, 5, 1, 4, 143.59
1572019733, 144, 3, 43, 0, 0, 0.14%, 5, 1, 4, 115.89
1572019749, 144, 6, 43, 0, 0, 0.14%, 5, 1, 4, 129.03
1572019769, 144, 7, 43, 0, 0, 0.14%, 5, 1, 4, 130.12
1572019779, 144, 17, 43, 0, 0, 0.14%, 5, 1, 4, 108.36
1572019784, 144, 22, 43, 0, 0, 0.14%, 5, 1, 4, 132.58
1572019795, 145, 6, 43, 0, 0, 0.14%, 5, 1, 4, 221.73
1572019820, 145, 7, 43, 0, 0, 0.14%, 5, 1, 4, 123.28
1572019830, 145, 9, 43, 0, 0, 0.14%, 5, 1, 4, 148.67
1572019840, 145, 22, 43, 0, 0, 0.14%, 5, 1, 4, 190.71
1572019851, 145, 26, 43, 0, 0, 0.14%, 5, 1, 4, 139.23
1572019861, 145, 32, 43, 0, 0, 0.14%, 5, 1, 4, 78.06
1572019866, 145, 37, 43, 0, 0, 0.14%, 5, 1, 4, 68.35
1572019886, 146, 6, 43, 0, 0, 0.14%, 5, 1, 4, 165.96
1572019906, 146, 7, 43, 0, 0, 0.14%, 5, 1, 4, 128.05
1572019917, 146, 22, 43, 0, 0, 0.14%, 5, 1, 4, 149.82
1572019927, 147, 6, 43, 0, 0, 0.14%, 5, 1, 4, 202.38
1572019942, 147, 7, 43, 0, 0, 0.14%, 5, 1, 4, 89.95
1572019957, 147, 22, 43, 0, 0, 0.14%, 5, 1, 4, 149.53
1572019973, 147, 27, 43, 0, 0, 0.14%, 5, 1, 4, 88.29
1572019983, 148, 6, 43, 0, 0, 0.14%, 5, 1, 4, 108.59
1572020014, 148, 7, 43, 0, 0, 0.14%, 5, 1, 4, 89.23
1572020024, 148, 21, 43, 0, 0, 0.14%, 5, 1, 4, 81.37
1572020029, 148, 22, 43, 0, 0, 0.14%, 5, 1, 4, 152.37
1572020049, 148, 24, 43, 0, 0, 0.14%, 5, 1, 4, 69.19
1572020054, 148, 35, 43, 0, 0, 0.14%, 5, 1, 4, 57.41
1572020070, 149, 6, 43, 0, 0, 0.14%, 5, 1, 4, 122.84
1572020095, 149, 7, 43, 0, 0, 0.14%, 5, 1, 4, 109.77
1572020111, 149, 13, 43, 0, 0, 0.14%, 5, 1, 4, 70.09
1572020121, 149, 22, 43, 0, 0, 0.14%, 5, 1, 4, 125.83
1572020141, 149, 24, 43, 0, 0, 0.14%, 5, 1, 4, 64.67
1572020152, 150, 6, 43, 0, 0, 0.14%, 5, 1, 4, 115.78
1572020177, 150, 7, 43, 0, 0, 0.14%, 5, 1, 4, 86.78
1572020192, 150, 22, 43, 0, 0, 0.14%, 5, 1, 4, 107.55
1572020213, 151, 6, 43, 0, 0, 0.14%, 5, 1, 4, 93.92
1572020249, 151, 7, 43, 0, 0, 0.14%, 5, 1, 4, 85.34
1572020264, 151, 22, 43, 0, 0, 0.14%, 5, 1, 4, 149.15
1572020274, 151, 42, 43, 0, 0, 0.14%, 5, 1, 4, 115.41
1572020285, 152, 6, 43, 0, 0, 0.14%, 5, 1, 4, 183.01
1572020300, 152, 7, 43, 0, 0, 0.14%, 5, 1, 4, 139.82
1572020310, 152, 12, 43, 0, 0, 0.14%, 5, 1, 4, 118.90
1572020315, 152, 22, 43, 0, 0, 0.14%, 5, 1, 4, 220.16
1572020325, 152, 24, 43, 0, 0, 0.14%, 5, 1, 4, 153.39
1572020331, 152, 26, 43, 0, 0, 0.14%, 5, 1, 4, 105.74
1572020341, 153, 6, 43, 0, 0, 0.14%, 5, 1, 4, 171.38
1572020356, 153, 7, 43, 0, 0, 0.14%, 5, 1, 4, 116.91
1572020366, 153, 22, 43, 0, 0, 0.14%, 5, 1, 4, 186.25
1572020382, 153, 41, 43, 0, 0, 0.14%, 5, 1, 4, 178.22
1572020387, 153, 42, 43, 0, 0, 0.14%, 5, 1, 4, 109.16
1572020392, 154, 6, 43, 0, 0, 0.14%, 5, 1, 4, 163.10
1572020413, 154, 7, 43, 0, 0, 0.14%, 5, 1, 4, 154.46
1572020418, 154, 22, 43, 0, 0, 0.14%, 5, 1, 4, 182.76
1572020433, 154, 37, 43, 0, 0, 0.14%, 5, 1, 4, 84.69
1572020448, 155, 6, 43, 0, 0, 0.14%, 5, 1, 4, 139.90
1572020469, 155, 7, 43, 0, 0, 0.14%, 5, 1, 4, 113.34
1572020479, 155, 21, 43, 0, 0, 0.14%, 5, 1, 4, 86.17
1572020489, 155, 22, 43, 0, 0, 0.14%, 5, 1, 4, 171.16
1572020500, 156, 6, 43, 0, 0, 0.14%, 5, 1, 4, 240.37
1572020515, 156, 7, 43, 0, 0, 0.14%, 5, 1, 4, 126.34
1572020525, 156, 11, 43, 0, 0, 0.14%, 5, 1, 4, 91.50
1572020530, 156, 22, 43, 0, 0, 0.14%, 5, 1, 4, 204.38
1572020541, 157, 0, 43, 0, 0, 0.14%, 5, 1, 4, 191.27
1572020551, 157, 6, 43, 0, 0, 0.14%, 5, 1, 4, 197.76
1572020566, 157, 7, 43, 0, 0, 0.14%, 5, 1, 4, 129.71
1572020577, 157, 20, 43, 0, 0, 0.14%, 5, 1, 4, 99.47
1572020582, 157, 22, 43, 0, 0, 0.14%, 5, 1, 4, 200.82
1572020592, 158, 6, 43, 0, 0, 0.14%, 5, 1, 4, 246.00
1572020612, 158, 7, 43, 0, 0, 0.14%, 5, 1, 4, 136.64
1572020617, 158, 22, 43, 0, 0, 0.14%, 5, 1, 4, 172.92
1572020627, 158, 26, 43, 0, 0, 0.14%, 5, 1, 4, 208.03
1572020638, 158, 38, 43, 0, 0, 0.14%, 5, 1, 4, 46.61
1572020648, 159, 6, 43, 0, 0, 0.14%, 5, 1, 4, 88.01
1572020663, 159, 7, 43, 0, 0, 0.14%, 5, 1, 4, 180.19
1572020673, 159, 22, 43, 0, 0, 0.14%, 5, 1, 4, 192.43
1572020684, 160, 6, 43, 0, 0, 0.14%, 5, 1, 4, 210.47
1572020704, 160, 7, 43, 0, 0, 0.14%, 5, 1, 4, 188.22
1572020709, 160, 13, 43, 0, 0, 0.14%, 5, 1, 4, 149.22
1572020720, 160, 22, 43, 0, 0, 0.14%, 5, 1, 4, 187.54
1572020730, 160, 36, 43, 0, 0, 0.14%, 5, 1, 4, 107.80
1572020735, 161, 6, 43, 0, 0, 0.14%, 5, 1, 4, 218.15
1572020751, 161, 7, 43, 0, 0, 0.14%, 5, 1, 4, 149.65
1572020761, 161, 22, 43, 0, 0, 0.14%, 5, 1, 4, 182.15
1572020771, 162, 5, 43, 0, 0, 0.14%, 5, 1, 4, 177.52
1572020781, 162, 6, 43, 0, 0, 0.14%, 5, 1, 4, 148.94
1572020796, 162, 7, 43, 0, 0, 0.14%, 5, 1, 4, 127.30
1572020807, 162, 22, 43, 0, 0, 0.14%, 5, 1, 4, 218.01
1572020817, 163, 6, 43, 0, 0, 0.14%, 5, 1, 4, 198.36
1572020838, 163, 7, 43, 0, 0, 0.14%, 5, 1, 4, 121.79
1572020848, 163, 22, 43, 0, 0, 0.14%, 5, 1, 4, 180.01
1572020858, 163, 32, 43, 0, 0, 0.14%, 5, 1, 4, 108.35
1572020868, 163, 37, 43, 0, 0, 0.14%, 5, 1, 4, 54.74
1572020883, 164, 5, 43, 0, 0, 0.14%, 5, 1, 4, 111.46
1572020894, 164, 6, 43, 0, 0, 0.14%, 5, 1, 4, 164.17
1572020909, 164, 7, 43, 0, 0, 0.14%, 5, 1, 4, 144.65
1572020919, 164, 21, 43, 0, 0, 0.14%, 5, 1, 4, 76.94
1572020925, 164, 22, 43, 0, 0, 0.14%, 5, 1, 4, 190.19
1572020935, 164, 33, 43, 0, 0, 0.14%, 5, 1, 4, 107.83
1572020945, 164, 41, 43, 0, 0, 0.14%, 5, 1, 4, 151.61
1572020950, 165, 6, 43, 0, 0, 0.14%, 5, 1, 4, 182.11
1572020965, 165, 7, 43, 0, 0, 0.14%, 5, 1, 4, 172.48
1572020975, 165, 22, 43, 0, 0, 0.14%, 5, 1, 4, 192.15
1572020986, 165, 26, 43, 0, 0, 0.14%, 5, 1, 4, 168.57
1572020996, 165, 31, 43, 0, 0, 0.14%, 5, 1, 4, 179.10
1572021021, 166, 6, 43, 0, 0, 0.14%, 5, 1, 4, 47.96
1572021037, 166, 7, 43, 0, 0, 0.14%, 5, 1, 4, 146.43
1572021047, 166, 18, 43, 0, 0, 0.14%, 5, 1, 4, 88.58
1572021052, 166, 22, 43, 0, 0, 0.14%, 5, 1, 4, 175.23
1572021062, 166, 35, 43, 0, 0, 0.14%, 5, 1, 4, 134.19
1572021072, 167, 6, 43, 0, 0, 0.14%, 5, 1, 4, 208.25
1572021088, 167, 7, 43, 0, 0, 0.14%, 5, 1, 4, 147.68
1572021098, 167, 22, 43, 0, 0, 0.14%, 5, 1, 4, 237.82
1572021108, 167, 24, 43, 0, 0, 0.14%, 5, 1, 4, 110.24
1572021118, 167, 26, 43, 0, 0, 0.14%, 5, 1, 4, 75.16
1572021124, 168, 6, 43, 0, 0, 0.14%, 5, 1, 4, 209.47
1572021139, 168, 7, 43, 0, 0, 0.14%, 5, 1, 4, 140.87
1572021149, 168, 22, 43, 0, 0, 0.14%, 5, 1, 4, 188.49
1572021160, 168, 27, 43, 0, 0, 0.14%, 5, 1, 4, 126.56
1572021170, 168, 33, 43, 0, 0, 0.14%, 5, 1, 4, 77.23
1572021180, 168, 38, 43, 0, 0, 0.14%, 5, 1, 4, 52.20
1572021190, 169, 6, 43, 0, 0, 0.14%, 5, 1, 4, 168.36
1572021206, 169, 7, 43, 0, 0, 0.14%, 5, 1, 4, 132.20
1572021216, 169, 8, 43, 0, 0, 0.14%, 5, 1, 4, 207.63
1572021226, 169, 21, 43, 0, 0, 0.14%, 5, 1, 4, 122.42
1572021231, 169, 22, 43, 0, 0, 0.14%, 5, 1, 4, 164.44
1572021241, 169, 36, 43, 0, 0, 0.14%, 5, 1, 4, 145.38
1572021251, 170, 6, 43, 0, 0, 0.14%, 5, 1, 4, 199.26
1572021267, 170, 7, 43, 0, 0, 0.14%, 5, 1, 4, 132.98
1572021277, 170, 22, 43, 0, 0, 0.14%, 5, 1, 4, 210.72
1572021292, 171, 6, 43, 0, 0, 0.14%, 5, 1, 4, 198.71
1572021307, 171, 7, 43, 0, 0, 0.14%, 5, 1, 4, 165.73
1572021317, 171, 22, 43, 0, 0, 0.14%, 5, 1, 4, 195.10
1572021328, 171, 29, 43, 0, 0, 0.14%, 5, 1, 4, 206.50
1572021338, 172, 5, 43, 0, 0, 0.14%, 5, 1, 4, 190.02
1572021348, 172, 6, 43, 0, 0, 0.14%, 5, 1, 4, 202.25
1572021363, 172, 7, 43, 0, 0, 0.14%, 5, 1, 4, 113.89
1572021368, 172, 22, 43, 0, 0, 0.14%, 5, 1, 4, 144.84
1572021384, 173, 6, 43, 0, 0, 0.14%, 5, 1, 4, 212.83
1572021394, 173, 7, 43, 0, 0, 0.14%, 5, 1, 4, 170.19
1572021404, 173, 22, 43, 0, 0, 0.14%, 5, 1, 4, 170.26
1572021419, 174, 6, 43, 0, 0, 0.14%, 5, 1, 4, 49.81
1572021435, 174, 7, 43, 0, 0, 0.14%, 5, 1, 4, 111.59
1572021445, 174, 18, 43, 0, 0, 0.14%, 5, 1, 4, 86.40
1572021450, 174, 22, 43, 0, 0, 0.14%, 5, 1, 4, 180.88
1572021460, 175, 6, 43, 0, 0, 0.14%, 5, 1, 4, 235.97
1572021480, 175, 7, 43, 0, 0, 0.14%, 5, 1, 4, 143.98
1572021485, 175, 14, 43, 0, 0, 0.14%, 5, 1, 4, 92.88
1572021490, 175, 22, 43, 0, 0, 0.14%, 5, 1, 4, 135.51
1572021500, 176, 0, 43, 0, 0, 0.14%, 5, 1, 4, 222.56
1572021511, 176, 6, 43, 0, 0, 0.14%, 5, 1, 4, 208.27
1572021526, 176, 7, 43, 0, 0, 0.14%, 5, 1, 4, 157.94
1572021531, 176, 19, 43, 0, 0, 0.14%, 5, 1, 4, 103.90
1572021541, 176, 22, 43, 0, 0, 0.14%, 5, 1, 4, 194.16
1572021557, 177, 3, 43, 0, 0, 0.14%, 5, 1, 4, 171.56
1572021562, 177, 6, 43, 0, 0, 0.14%, 5, 1, 4, 185.20
1572021577, 177, 7, 43, 0, 0, 0.14%, 5, 1, 4, 174.79
1572021588, 177, 10, 43, 0, 0, 0.14%, 5, 1, 4, 87.56
1572021593, 177, 22, 43, 0, 0, 0.14%, 5, 1, 4, 211.47
1572021603, 177, 31, 43, 0, 0, 0.14%, 5, 1, 4, 245.09
1572021628, 178, 6, 43, 0, 0, 0.14%, 5, 1, 4, 35.11
1572021644, 178, 7, 43, 0, 0, 0.14%, 5, 1, 4, 127.75
1572021649, 178, 22, 43, 0, 0, 0.14%, 5, 1, 4, 122.26
1572021659, 179, 6, 43, 0, 0, 0.14%, 5, 1, 4, 231.34
1572021679, 179, 7, 43, 0, 0, 0.14%, 5, 1, 4, 156.38
1572021690, 179, 12, 43, 0, 0, 0.14%, 5, 1, 4, 87.89
1572021695, 179, 13, 43, 0, 0, 0.14%, 5, 1, 4, 121.82
1572021705, 179, 21, 43, 0, 0, 0.14%, 5, 1, 4, 75.19
1572021710, 179, 22, 43, 0, 0, 0.14%, 5, 1, 4, 198.45
1572021720, 179, 32, 43, 0, 0, 0.14%, 5, 1, 4, 98.49
1572021730, 180, 6, 43, 0, 0, 0.14%, 5, 1, 4, 187.93
1572021746, 180, 7, 43, 0, 0, 0.14%, 5, 1, 4, 129.45
1572021756, 180, 15, 43, 0, 0, 0.14%, 5, 1, 4, 143.47
1572021766, 180, 22, 43, 0, 0, 0.14%, 5, 1, 4, 154.41
1572021781, 180, 28, 43, 0, 0, 0.14%, 5, 1, 4, 169.14
1572021791, 180, 36, 43, 0, 0, 0.14%, 5, 1, 4, 94.85
1572021797, 181, 6, 43, 0, 0, 0.14%, 5, 1, 4, 117.59
1572021817, 181, 7, 43, 0, 0, 0.14%, 5, 1, 4, 117.40
1572021822, 181, 16, 43, 0, 0, 0.14%, 5, 1, 4, 117.22
1572021832, 181, 22, 43, 0, 0, 0.14%, 5, 1, 4, 200.08
1572021843, 182, 3, 43, 0, 0, 0.14%, 5, 1, 4, 45.11
1572021853, 182, 6, 43, 0, 0, 0.14%, 5, 1, 4, 146.22
1572021868, 182, 7, 43, 0, 0, 0.14%, 5, 1, 4, 94.10
1572021879, 182, 22, 43, 0, 0, 0.14%, 5, 1, 4, 215.26
1572021894, 182, 39, 43, 0, 0, 0.14%, 5, 1, 4, 156.13
1572021899, 183, 5, 43, 0, 0, 0.14%, 5, 1, 4, 148.89
1572021904, 183, 6, 43, 0, 0, 0.14%, 5, 1, 4, 149.83
1572021925, 183, 7, 43, 0, 0, 0.14%, 5, 1, 4, 156.44
1572021930, 183, 12, 43, 0, 0, 0.14%, 5, 1, 4, 166.62
1572021935, 183, 22, 43, 0, 0, 0.14%, 5, 1, 4, 186.22
1572021945, 184, 6, 43, 0, 0, 0.14%, 5, 1, 4, 190.79
1572021965, 184, 7, 43, 0, 0, 0.14%, 5, 1, 4, 132.16
1572021976, 184, 22, 43, 0, 0, 0.14%, 5, 1, 4, 227.48
1572021981, 185, 6, 43, 0, 0, 0.14%, 5, 1, 4, 244.65
1572022001, 185, 7, 43, 0, 0, 0.14%, 5, 1, 4, 98.90
1572022006, 185, 22, 43, 0, 0, 0.14%, 5, 1, 4, 214.84
1572022016, 186, 6, 43, 0, 0, 0.14%, 5, 1, 4, 244.84
1572022037, 186, 7, 43, 0, 0, 0.14%, 5, 1, 4, 94.74
1572022047, 186, 9, 43, 0, 0, 0.14%, 5, 1, 4, 118.94
1572022057, 186, 22, 43, 0, 0, 0.14%, 5, 1, 4, 176.77
1572022067, 187, 6, 43, 0, 0, 0.14%, 5, 1, 4, 179.80
1572022088, 187, 7, 43, 0, 0, 0.14%, 5, 1, 4, 155.37
1572022093, 187, 11, 43, 0, 0, 0.14%, 5, 1, 4, 121.50
1572022098, 187, 18, 43, 0, 0, 0.14%, 5, 1, 4, 91.76
1572022108, 187, 22, 43, 0, 0, 0.14%, 5, 1, 4, 183.97
1572022118, 188, 6, 43, 0, 0, 0.14%, 5, 1, 4, 205.96
1572022139, 188, 7, 43, 0, 0, 0.14%, 5, 1, 4, 118.64
1572022144, 188, 22, 43, 0, 0, 0.14%, 5, 1, 4, 161.86
1572022159, 188, 24, 43, 0, 0, 0.14%, 5, 1, 4, 104.43
1572022164, 189, 1, 43, 0, 0, 0.14%, 5, 1, 4, 169.29
1572022175, 189, 6, 43, 0, 0, 0.14%, 5, 1, 4, 150.30
1572022195, 189, 7, 43, 0, 0, 0.14%, 5, 1, 4, 107.42
1572022206, 189, 22, 43, 0, 0, 0.14%, 5, 1, 4, 173.02
1572022216, 190, 2, 43, 0, 0, 0.14%, 5, 1, 4, 170.43
1572022226, 190, 6, 43, 0, 0, 0.14%, 5, 1, 4, 166.15
1572022246, 190, 7, 43, 0, 0, 0.14%, 5, 1, 4, 131.31
1572022252, 190, 12, 43, 0, 0, 0.14%, 5, 1, 4, 133.32
1572022257, 190, 17, 43, 0, 0, 0.14%, 5, 1, 4, 88.96
1572022267, 190, 22, 43, 0, 0, 0.14%, 5, 1, 4, 184.22
1572022277, 191, 6, 43, 0, 0, 0.14%, 5, 1, 4, 198.08
1572022298, 191, 7, 43, 0, 0, 0.14%, 5, 1, 4, 118.94
1572022308, 191, 15, 43, 0, 0, 0.14%, 5, 1, 4, 135.77
1572022318, 191, 19, 43, 0, 0, 0.14%, 5, 1, 4, 125.44
1572022328, 191, 22, 43, 0, 0, 0.14%, 5, 1, 4, 190.87
1572022344, 191, 31, 43, 0, 0, 0.14%, 5, 1, 4, 169.49
1572022354, 192, 6, 43, 0, 0, 0.14%, 5, 1, 4, 198.17
1572022374, 192, 7, 43, 0, 0, 0.14%, 5, 1, 4, 150.54
1572022379, 192, 22, 43, 0, 0, 0.14%, 5, 1, 4, 194.22
1572022395, 192, 33, 43, 0, 0, 0.14%, 5, 1, 4, 88.84
1572022400, 193, 6, 43, 0, 0, 0.14%, 5, 1, 4, 131.87
1572022420, 193, 7, 43, 0, 0, 0.14%, 5, 1, 4, 127.34
1572022430, 193, 8, 43, 0, 0, 0.14%, 5, 1, 4, 182.34
1572022441, 193, 16, 43, 0, 0, 0.14%, 5, 1, 4, 137.63
1572022446, 193, 22, 43, 0, 0, 0.14%, 5, 1, 4, 139.40
1572022456, 193, 33, 43, 0, 0, 0.14%, 5, 1, 4, 157.64
1572022467, 193, 41, 43, 0, 0, 0.14%, 5, 1, 4, 126.40
1572022477, 194, 6, 43, 0, 0, 0.14%, 5, 1, 4, 169.27
1572022492, 194, 7, 43, 0, 0, 0.14%, 5, 1, 4, 157.29
1572022502, 194, 22, 43, 0, 0, 0.14%, 5, 1, 4, 261.59
1572022513, 194, 24, 43, 0, 0, 0.14%, 5, 1, 4, 129.57
1572022518, 194, 40, 43, 0, 0, 0.14%, 5, 1, 4, 105.22
1572022528, 195, 4, 43, 0, 0, 0.14%, 5, 1, 4, 152.90
1572022533, 195, 6, 43, 0, 0, 0.14%, 5, 1, 4, 118.91
1572022553, 195, 7, 43, 0, 0, 0.14%, 5, 1, 4, 128.39
1572022564, 195, 18, 43, 0, 0, 0.14%, 5, 1, 4, 93.86
1572022569, 195, 22, 43, 0, 0, 0.14%, 5, 1, 4, 218.77
1572022579, 196, 1, 43, 0, 0, 0.14%, 5, 1, 4, 166.56
1572022589, 196, 4, 43, 0, 0, 0.14%, 5, 1, 4, 159.25
1572022594, 196, 6, 43, 0, 0, 0.14%, 5, 1, 4, 227.67
1572022609, 196, 7, 43, 0, 0, 0.14%, 5, 1, 4, 129.92
1572022619, 196, 12, 43, 0, 0, 0.14%, 5, 1, 4, 127.82
1572022630, 196, 22, 43, 0, 0, 0.14%, 5, 1, 4, 192.35
1572022640, 196, 25, 43, 0, 0, 0.14%, 5, 1, 4, 134.56
1572022645, 196, 26, 43, 0, 0, 0.14%, 5, 1, 4, 96.24
1572022655, 196, 30, 43, 0, 0, 0.14%, 5, 1, 4, 71.70
1572022666, 196, 34, 43, 0, 0, 0.14%, 5, 1, 4, 65.00
1572022671, 197, 6, 43, 0, 0, 0.14%, 5, 1, 4, 67.64
1572022691, 197, 7, 43, 0, 0, 0.14%, 5, 1, 4, 130.50
1572022701, 197, 22, 43, 0, 0, 0.14%, 5, 1, 4, 218.94
1572022712, 197, 37, 43, 0, 0, 0.14%, 5, 1, 4, 45.65
1572022727, 198, 6, 43, 0, 0, 0.14%, 5, 1, 4, 170.36
1572022742, 198, 7, 43, 0, 0, 0.14%, 5, 1, 4, 125.15
1572022752, 198, 21, 43, 0, 0, 0.14%, 5, 1, 4, 70.11
1572022757, 198, 22, 43, 0, 0, 0.14%, 5, 1, 4, 181.48
1572022773, 199, 4, 43, 0, 0, 0.14%, 5, 1, 4, 113.93
1572022778, 199, 6, 43, 0, 0, 0.14%, 5, 1, 4, 136.63
1572022798, 199, 7, 43, 0, 0, 0.14%, 5, 1, 4, 112.22
1572022803, 199, 22, 43, 0, 0, 0.14%, 5, 1, 4, 187.53
1572022814, 199, 24, 43, 0, 0, 0.14%, 5, 1, 4, 156.44
1572022819, 199, 40, 43, 0, 0, 0.14%, 5, 1, 4, 106.97
1572022829, 200, 6, 43, 0, 0, 0.14%, 5, 1, 4, 209.08
1572022844, 200, 7, 43, 0, 0, 0.14%, 5, 1, 4, 158.39
1572022855, 200, 12, 43, 0, 0, 0.14%, 5, 1, 4, 113.69
1572022860, 200, 14, 43, 0, 0, 0.14%, 5, 1, 4, 78.70
1572022865, 200, 18, 43, 0, 0, 0.14%, 5, 1, 4, 83.57
1572022875, 200, 22, 43, 0, 0, 0.14%, 5, 1, 4, 194.44
1572022885, 201, 0, 43, 0, 0, 0.14%, 5, 1, 4, 172.48
1572022895, 201, 6, 43, 0, 0, 0.14%, 5, 1, 4, 177.48
1572022915, 201, 7, 43, 0, 0, 0.14%, 5, 1, 4, 137.77
1572022920, 201, 13, 43, 0, 0, 0.14%, 5, 1, 4, 139.73
1572022926, 201, 22, 43, 0, 0, 0.14%, 5, 1, 4, 187.05
1572022936, 202, 1, 43, 0, 0, 0.14%, 5, 1, 4, 207.79
1572022946, 202, 6, 43, 0, 0, 0.14%, 5, 1, 4, 164.38
1572022961, 202, 7, 43, 0, 0, 0.14%, 5, 1, 4, 177.67
1572022971, 202, 20, 43, 0, 0, 0.14%, 5, 1, 4, 107.16
1572022976, 202, 22, 43, 0, 0, 0.14%, 5, 1, 4, 231.93
1572022987, 203, 6, 43, 0, 0, 0.14%, 5, 1, 4, 210.37
1572023002, 203, 7, 43, 0, 0, 0.14%, 5, 1, 4, 158.16
1572023007, 203, 11, 43, 0, 0, 0.14%, 5, 1, 4, 142.14
1572023012, 203, 13, 43, 0, 0, 0.14%, 5, 1, 4, 142.95
1572023017, 203, 22, 43, 0, 0, 0.14%, 5, 1, 4, 97.93
1572023028, 203, 31, 43, 0, 0, 0.14%, 5, 1, 4, 194.45
1572023038, 203, 32, 43, 0, 0, 0.14%, 5, 1, 4, 198.06
1572023048, 203, 40, 43, 0, 0, 0.14%, 5, 1, 4, 83.23
1572023058, 204, 6, 43, 0, 0, 0.14%, 5, 1, 4, 183.09
1572023074, 204, 7, 43, 0, 0, 0.14%, 5, 1, 4, 35.25
1572023084, 204, 22, 43, 0, 0, 0.14%, 5, 1, 4, 214.61
1572023094, 204, 36, 43, 0, 0, 0.14%, 5, 1, 4, 101.05
1572023099, 204, 38, 43, 0, 0, 0.14%, 5, 1, 4, 11.54
1572023124, 205, 6, 43, 0, 0, 0.14%, 5, 1, 4, 71.64
1572023139, 205, 7, 43, 0, 0, 0.14%, 5, 1, 4, 52.88
1572023150, 205, 22, 43, 0, 0, 0.14%, 5, 1, 4, 197.47
1572023160, 205, 32, 43, 0, 0, 0.14%, 5, 1, 4, 115.33
1572023165, 205, 38, 43, 0, 0, 0.14%, 5, 1, 4, 92.39
1572023180, 206, 6, 43, 0, 0, 0.14%, 5, 1, 4, 292.50
1572023201, 206, 7, 43, 0, 0, 0.14%, 5, 1, 4, 164.32
1572023211, 206, 22, 43, 0, 0, 0.14%, 5, 1, 4, 139.63
1572023226, 207, 6, 43, 0, 0, 0.14%, 5, 1, 4, 167.50
1572023241, 207, 7, 43, 0, 0, 0.14%, 5, 1, 4, 152.21
1572023251, 207, 22, 43, 0, 0, 0.14%, 5, 1, 4, 179.23
1572023262, 208, 6, 43, 0, 0, 0.14%, 5, 1, 4, 155.74
1572023277, 208, 7, 43, 0, 0, 0.14%, 5, 1, 4, 148.22
1572023282, 208, 16, 43, 0, 0, 0.14%, 5, 1, 4, 108.47
1572023293, 208, 22, 43, 0, 0, 0.14%, 5, 1, 4, 193.19
1572023303, 208, 26, 43, 0, 0, 0.14%, 5, 1, 4, 122.25
1572023313, 208, 28, 43, 0, 0, 0.14%, 5, 1, 4, 205.13
1572023323, 208, 29, 43, 0, 0, 0.14%, 5, 1, 4, 227.53
1572023333, 209, 2, 43, 0, 0, 0.14%, 5, 1, 4, 169.89
1572023338, 209, 6, 43, 0, 0, 0.14%, 5, 1, 4, 182.43
1572023359, 209, 7, 43, 0, 0, 0.14%, 5, 1, 4, 131.31
1572023369, 209, 21, 43, 0, 0, 0.14%, 5, 1, 4, 77.48
1572023374, 209, 22, 43, 0, 0, 0.14%, 5, 1, 4, 202.50
1572023379, 210, 6, 43, 0, 0, 0.14%, 5, 1, 4, 242.35
1572023400, 210, 7, 43, 0, 0, 0.14%, 5, 1, 4, 141.94
1572023410, 210, 21, 43, 0, 0, 0.14%, 5, 1, 4, 79.80
1572023415, 210, 22, 43, 0, 0, 0.14%, 5, 1, 4, 162.30
1572023425, 210, 41, 43, 0, 0, 0.14%, 5, 1, 4, 160.15
1572023430, 211, 1, 43, 0, 0, 0.14%, 5, 1, 4, 195.69
1572023446, 211, 6, 43, 0, 0, 0.14%, 5, 1, 4, 44.57
1572023466, 211, 7, 43, 0, 0, 0.14%, 5, 1, 4, 107.13
1572023476, 211, 22, 43, 0, 0, 0.14%, 5, 1, 4, 196.99
1572023486, 212, 6, 43, 0, 0, 0.14%, 5, 1, 4, 224.51
1572023501, 212, 7, 43, 0, 0, 0.14%, 5, 1, 4, 165.28
1572023511, 212, 20, 43, 0, 0, 0.14%, 5, 1, 4, 108.84
1572023517, 212, 22, 43, 0, 0, 0.14%, 5, 1, 4, 203.66
1572023527, 212, 27, 43, 0, 0, 0.14%, 5, 1, 4, 113.88
1572023532, 213, 6, 43, 0, 0, 0.14%, 5, 1, 4, 175.27
1572023547, 213, 7, 43, 0, 0, 0.14%, 5, 1, 4, 39.98
1572023557, 213, 22, 43, 0, 0, 0.14%, 5, 1, 4, 175.33
1572023568, 213, 36, 43, 0, 0, 0.14%, 5, 1, 4, 128.23
1572023573, 214, 6, 43, 0, 0, 0.14%, 5, 1, 4, 168.29
1572023588, 214, 7, 43, 0, 0, 0.14%, 5, 1, 4, 124.55
1572023598, 214, 22, 43, 0, 0, 0.14%, 5, 1, 4, 218.27
1572023609, 214, 28, 43, 0, 0, 0.14%, 5, 1, 4, 232.02
1572023619, 215, 6, 43, 0, 0, 0.14%, 5, 1, 4, 214.64
1572023639, 215, 7, 43, 0, 0, 0.14%, 5, 1, 4, 127.90
1572023644, 215, 13, 43, 0, 0, 0.14%, 5, 1, 4, 129.05
1572023655, 215, 22, 43, 0, 0, 0.14%, 5, 1, 4, 210.02
1572023665, 215, 28, 43, 0, 0, 0.14%, 5, 1, 4, 200.51
1572023675, 216, 3, 43, 0, 0, 0.14%, 5, 1, 4, 170.69
1572023685, 216, 6, 43, 0, 0, 0.14%, 5, 1, 4, 142.22
1572023700, 216, 7, 43, 0, 0, 0.14%, 5, 1, 4, 37.36
1572023711, 216, 14, 43, 0, 0, 0.14%, 5, 1, 4, 86.94
1572023716, 216, 22, 43, 0, 0, 0.14%, 5, 1, 4, 218.70
1572023721, 216, 32, 43, 0, 0, 0.14%, 5, 1, 4, 192.43
1572023731, 216, 40, 43, 0, 0, 0.14%, 5, 1, 4, 67.70
1572023741, 217, 6, 43, 0, 0, 0.14%, 5, 1, 4, 183.48
1572023757, 217, 7, 43, 0, 0, 0.14%, 5, 1, 4, 127.21
1572023762, 217, 22, 43, 0, 0, 0.14%, 5, 1, 4, 220.85
1572023772, 217, 23, 43, 0, 0, 0.14%, 5, 1, 4, 197.97
1572023777, 218, 6, 43, 0, 0, 0.14%, 5, 1, 4, 288.07
1572023798, 218, 7, 43, 0, 0, 0.14%, 5, 1, 4, 146.52
1572023808, 218, 11, 43, 0, 0, 0.14%, 5, 1, 4, 98.65
1572023813, 218, 18, 43, 0, 0, 0.14%, 5, 1, 4, 83.97
1572023818, 218, 22, 43, 0, 0, 0.14%, 5, 1, 4, 179.26
1572023828, 218, 31, 43, 0, 0, 0.14%, 5, 1, 4, 263.83
1572023839, 218, 33, 43, 0, 0, 0.14%, 5, 1, 4, 116.71
1572023849, 219, 6, 43, 0, 0, 0.14%, 5, 1, 4, 160.23
1572023864, 219, 7, 43, 0, 0, 0.14%, 5, 1, 4, 186.42
1572023869, 219, 14, 43, 0, 0, 0.14%, 5, 1, 4, 128.36
1572023874, 219, 15, 43, 0, 0, 0.14%, 5, 1, 4, 143.59
1572023885, 219, 22, 43, 0, 0, 0.14%, 5, 1, 4, 223.48
1572023895, 220, 6, 43, 0, 0, 0.14%, 5, 1, 4, 209.35
1572023910, 220, 7, 43, 0, 0, 0.14%, 5, 1, 4, 141.69
1572023920, 220, 13, 43, 0, 0, 0.14%, 5, 1, 4, 189.21
1572023925, 220, 22, 43, 0, 0, 0.14%, 5, 1, 4, 209.92
1572023935, 221, 6, 43, 0, 0, 0.14%, 5, 1, 4, 226.83
1572023956, 221, 7, 43, 0, 0, 0.14%, 5, 1, 4, 131.66
1572023961, 221, 22, 43, 0, 0, 0.14%, 5, 1, 4, 206.65
1572023971, 222, 6, 43, 0, 0, 0.14%, 5, 1, 4, 223.37
1572023987, 222, 7, 43, 0, 0, 0.14%, 5, 1, 4, 165.54
1572023997, 222, 19, 43, 0, 0, 0.14%, 5, 1, 4, 108.75
1572024002, 222, 22, 43, 0, 0, 0.14%, 5, 1, 4, 143.39
1572024012, 222, 23, 43, 0, 0, 0.14%, 5, 1, 4, 203.11
1572024022, 223, 6, 43, 0, 0, 0.14%, 5, 1, 4, 207.95
1572024038, 223, 7, 43, 0, 0, 0.14%, 5, 1, 4, 120.17
1572024048, 223, 8, 43, 0, 0, 0.14%, 5, 1, 4, 221.55
1572024058, 223, 22, 43, 0, 0, 0.14%, 5, 1, 4, 246.88
1572024068, 224, 6, 43, 0, 0, 0.14%, 5, 1, 4, 242.75
1572024084, 224, 7, 43, 0, 0, 0.14%, 5, 1, 4, 153.38
1572024094, 224, 11, 43, 0, 0, 0.14%, 5, 1, 4, 81.51
1572024099, 224, 22, 43, 0, 0, 0.14%, 5, 1, 4, 167.56
1572024114, 224, 27, 43, 0, 0, 0.14%, 5, 1, 4, 100.77
1572024119, 224, 39, 43, 0, 0, 0.14%, 5, 1, 4, 109.33
1572024130, 225, 6, 43, 0, 0, 0.14%, 5, 1, 4, 201.72
1572024145, 225, 7, 43, 0, 0, 0.14%, 5, 1, 4, 140.02
1572024150, 225, 22, 43, 0, 0, 0.14%, 5, 1, 4, 157.18
1572024165, 226, 6, 43, 0, 0, 0.14%, 5, 1, 4, 31.95
1572024181, 226, 7, 43, 0, 0, 0.14%, 5, 1, 4, 126.07
1572024191, 226, 9, 43, 0, 0, 0.14%, 5, 1, 4, 157.38
1572024201, 226, 14, 43, 0, 0, 0.14%, 5, 1, 4, 81.22
1572024206, 226, 22, 43, 0, 0, 0.14%, 5, 1, 4, 195.62
1572024216, 226, 36, 43, 0, 0, 0.14%, 5, 1, 4, 140.41
1572024221, 226, 42, 43, 0, 0, 0.14%, 5, 1, 4, 106.57
1572024226, 227, 6, 43, 0, 0, 0.14%, 5, 1, 4, 171.88
1572024242, 227, 7, 43, 0, 0, 0.14%, 5, 1, 4, 252.02
1572024247, 227, 13, 43, 0, 0, 0.14%, 5, 1, 4, 172.87
1572024252, 227, 21, 43, 0, 0, 0.14%, 5, 1, 4, 109.90
1572024257, 227, 22, 43, 0, 0, 0.14%, 5, 1, 4, 226.37
1572024268, 228, 6, 43, 0, 0, 0.14%, 5, 1, 4, 245.60
1572024278, 228, 7, 43, 0, 0, 0.14%, 5, 1, 4, 167.93
1572024288, 228, 10, 43, 0, 0, 0.14%, 5, 1, 4, 84.75
1572024293, 228, 16, 43, 0, 0, 0.14%, 5, 1, 4, 87.00
1572024298, 228, 22, 43, 0, 0, 0.14%, 5, 1, 4, 109.75
1572024314, 229, 6, 43, 0, 0, 0.14%, 5, 1, 4, 160.83
1572024329, 229, 7, 43, 0, 0, 0.14%, 5, 1, 4, 180.50
1572024339, 229, 22, 43, 0, 0, 0.14%, 5, 1, 4, 219.41
1572024349, 229, 37, 43, 0, 0, 0.14%, 5, 1, 4, 124.74
1572024365, 230, 6, 43, 0, 0, 0.14%, 5, 1, 4, 198.49
1572024380, 230, 7, 43, 0, 0, 0.14%, 5, 1, 4, 152.72
1572024390, 230, 9, 43, 0, 0, 0.14%, 5, 1, 4, 127.39
1572024396, 230, 22, 43, 0, 0, 0.14%, 5, 1, 4, 200.85
1572024411, 230, 26, 43, 0, 0, 0.14%, 5, 1, 4, 115.35
1572024416, 231, 4, 43, 0, 0, 0.14%, 5, 1, 4, 159.66
1572024421, 231, 6, 43, 0, 0, 0.14%, 5, 1, 4, 168.34
1572024436, 231, 7, 43, 0, 0, 0.14%, 5, 1, 4, 134.68
1572024447, 231, 11, 43, 0, 0, 0.14%, 5, 1, 4, 99.23
1572024452, 231, 22, 43, 0, 0, 0.14%, 5, 1, 4, 197.48
1572024462, 231, 25, 43, 0, 0, 0.14%, 5, 1, 4, 142.76
1572024467, 231, 32, 43, 0, 0, 0.14%, 5, 1, 4, 109.00
1572024477, 232, 6, 43, 0, 0, 0.14%, 5, 1, 4, 197.57
1572024492, 232, 7, 43, 0, 0, 0.14%, 5, 1, 4, 155.35
1572024503, 232, 10, 43, 0, 0, 0.14%, 5, 1, 4, 89.98
1572024508, 232, 22, 43, 0, 0, 0.14%, 5, 1, 4, 195.22
1572024518, 233, 1, 43, 0, 0, 0.14%, 5, 1, 4, 191.75
1572024528, 233, 6, 43, 0, 0, 0.14%, 5, 1, 4, 204.11
1572024543, 233, 7, 43, 0, 0, 0.14%, 5, 1, 4, 160.79
1572024549, 233, 10, 43, 0, 0, 0.14%, 5, 1, 4, 124.81
1572024554, 233, 22, 43, 0, 0, 0.14%, 5, 1, 4, 172.90
1572024564, 234, 6, 43, 0, 0, 0.14%, 5, 1, 4, 226.96
1572024584, 234, 7, 43, 0, 0, 0.14%, 5, 1, 4, 156.01
1572024589, 234, 22, 43, 0, 0, 0.14%, 5, 1, 4, 217.67
1572024605, 235, 6, 43, 0, 0, 0.14%, 5, 1, 4, 174.03
1572024620, 235, 7, 43, 0, 0, 0.14%, 5, 1, 4, 132.81
1572024631, 235, 22, 43, 0, 0, 0.14%, 5, 1, 4, 184.12
1572024636, 235, 26, 43, 0, 0, 0.14%, 5, 1, 4, 210.91
1572024646, 235, 28, 43, 0, 0, 0.14%, 5, 1, 4, 158.65
1572024656, 235, 37, 43, 0, 0, 0.14%, 5, 1, 4, 107.67
1572024666, 236, 1, 43, 0, 0, 0.14%, 5, 1, 4, 123.52
1572024682, 236, 6, 43, 0, 0, 0.14%, 5, 1, 4, 185.00
1572024692, 236, 7, 43, 0, 0, 0.14%, 5, 1, 4, 132.96
1572024702, 236, 22, 43, 0, 0, 0.14%, 5, 1, 4, 208.29
1572024713, 236, 36, 43, 0, 0, 0.14%, 5, 1, 4, 135.34
1572024718, 237, 4, 43, 0, 0, 0.14%, 5, 1, 4, 129.06
1572024728, 237, 6, 43, 0, 0, 0.14%, 5, 1, 4, 135.21
1572024748, 237, 7, 43, 0, 0, 0.14%, 5, 1, 4, 150.59
1572024759, 237, 18, 43, 0, 0, 0.14%, 5, 1, 4, 90.20
1572024764, 237, 22, 43, 0, 0, 0.14%, 5, 1, 4, 177.32
1572024774, 237, 42, 43, 0, 0, 0.14%, 5, 1, 4, 51.74
1572024779, 238, 6, 43, 0, 0, 0.14%, 5, 1, 4, 207.43
1572024794, 238, 7, 43, 0, 0, 0.14%, 5, 1, 4, 170.03
1572024805, 238, 11, 43, 0, 0, 0.14%, 5, 1, 4, 88.49
1572024810, 238, 22, 43, 0, 0, 0.14%, 5, 1, 4, 167.42
1572024820, 238, 24, 43, 0, 0, 0.14%, 5, 1, 4, 111.51
1572024825, 238, 40, 43, 0, 0, 0.14%, 5, 1, 4, 89.35
1572024830, 239, 6, 43, 0, 0, 0.14%, 5, 1, 4, 113.57
1572024846, 239, 7, 43, 0, 0, 0.14%, 5, 1, 4, 146.53
1572024856, 239, 10, 43, 0, 0, 0.14%, 5, 1, 4, 77.22
1572024861, 239, 21, 43, 0, 0, 0.14%, 5, 1, 4, 72.16
1572024866, 239, 22, 43, 0, 0, 0.14%, 5, 1, 4, 117.19
1572024881, 239, 28, 43, 0, 0, 0.14%, 5, 1, 4, 216.99
1572024892, 239, 41, 43, 0, 0, 0.14%, 5, 1, 4, 180.11
1572024897, 240, 6, 43, 0, 0, 0.14%, 5, 1, 4, 266.80
1572024912, 240, 7, 43, 0, 0, 0.14%, 5, 1, 4, 152.33
1572024922, 240, 22, 43, 0, 0, 0.14%, 5, 1, 4, 225.52
1572024927, 241, 6, 43, 0, 0, 0.14%, 5, 1, 4, 208.83
1572024943, 241, 7, 43, 0, 0, 0.14%, 5, 1, 4, 140.83
1572024953, 241, 22, 43, 0, 0, 0.14%, 5, 1, 4, 199.62
1572024969, 241, 36, 43, 0, 0, 0.14%, 5, 1, 4, 72.13
1572024974, 241, 38, 43, 0, 0, 0.14%, 5, 1, 4, 81.84
1572024989, 242, 5, 43, 0, 0, 0.14%, 5, 1, 4, 115.26
1572024994, 242, 6, 43, 0, 0, 0.14%, 5, 1, 4, 180.01
1572025009, 242, 7, 43, 0, 0, 0.14%, 5, 1, 4, 163.31
1572025020, 242, 22, 43, 0, 0, 0.14%, 5, 1, 4, 206.29
1572025030, 243, 6, 43, 0, 0, 0.14%, 5, 1, 4, 274.26
1572025045, 243, 7, 43, 0, 0, 0.14%, 5, 1, 4, 127.30
1572025056, 243, 22, 43, 0, 0, 0.14%, 5, 1, 4, 195.86
1572025066, 244, 6, 43, 0, 0, 0.14%, 5, 1, 4, 217.89
1572025081, 244, 7, 43, 0, 0, 0.14%, 5, 1, 4, 157.51
1572025086, 244, 22, 43, 0, 0, 0.14%, 5, 1, 4, 147.13
1572025096, 244, 39, 43, 0, 0, 0.14%, 5, 1, 4, 197.19
1572025107, 245, 4, 43, 0, 0, 0.14%, 5, 1, 4, 30.81
1572025112, 245, 6, 43, 0, 0, 0.14%, 5, 1, 4, 101.63
1572025132, 245, 7, 43, 0, 0, 0.14%, 5, 1, 4, 133.29
1572025137, 245, 22, 43, 0, 0, 0.14%, 5, 1, 4, 209.38
1572025147, 246, 6, 43, 0, 0, 0.14%, 5, 1, 4, 198.45
1572025168, 246, 7, 43, 0, 0, 0.14%, 5, 1, 4, 137.37
1572025178, 246, 10, 43, 0, 0, 0.14%, 5, 1, 4, 72.65
1572025183, 246, 22, 43, 0, 0, 0.14%, 5, 1, 4, 171.67
1572025193, 246, 28, 43, 0, 0, 0.14%, 5, 1, 4, 171.06
1572025209, 246, 40, 43, 0, 0, 0.14%, 5, 1, 4, 109.21
1572025214, 247, 5, 43, 0, 0, 0.14%, 5, 1, 4, 162.97
1572025224, 247, 6, 43, 0, 0, 0.14%, 5, 1, 4, 207.27
1572025244, 247, 7, 43, 0, 0, 0.14%, 5, 1, 4, 97.71
1572025255, 247, 22, 43, 0, 0, 0.14%, 5, 1, 4, 87.57
1572025270, 248, 1, 43, 0, 0, 0.14%, 5, 1, 4, 159.09
1572025285, 248, 6, 43, 0, 0, 0.14%, 5, 1, 4, 155.56
1572025300, 248, 7, 43, 0, 0, 0.14%, 5, 1, 4, 110.86
1572025311, 248, 22, 43, 0, 0, 0.14%, 5, 1, 4, 194.77
1572025326, 249, 6, 43, 0, 0, 0.14%, 5, 1, 4, 141.48
1572025342, 249, 7, 43, 0, 0, 0.14%, 5, 1, 4, 182.35
1572025352, 249, 14, 43, 0, 0, 0.14%, 5, 1, 4, 99.36
1572025357, 249, 17, 43, 0, 0, 0.14%, 5, 1, 4, 93.35
1572025362, 249, 22, 43, 0, 0, 0.14%, 5, 1, 4, 190.60
1572025372, 250, 6, 43, 0, 0, 0.14%, 5, 1, 4, 162.90
1572025398, 250, 7, 43, 0, 0, 0.14%, 5, 1, 4, 106.87
1572025408, 250, 8, 43, 0, 0, 0.14%, 5, 1, 4, 191.66
1572025419, 250, 22, 43, 0, 0, 0.14%, 5, 1, 4, 211.70
1572025434, 250, 35, 43, 0, 0, 0.14%, 5, 1, 4, 71.96
1572025444, 250, 37, 43, 0, 0, 0.14%, 5, 1, 4, 51.64
1572025459, 251, 6, 43, 0, 0, 0.14%, 5, 1, 4, 112.65
