# unix_time, cycles_done, cur_path, paths_total, pending_total, pending_favs, map_size, unique_crashes, unique_hangs, max_depth, execs_per_sec
1572597180, 0, 0, 1, 1, 1, 0.01%, 0, 0, 1, 1333.33
1572597185, 1, 3, 18, 6, 0, 0.10%, 4, 0, 2, 1775.50
1572597190, 2, 9, 18, 2, 0, 0.10%, 4, 0, 2, 1913.91
1572597196, 3, 16, 19, 1, 0, 0.10%, 4, 0, 2, 1869.07
1572597201, 5, 9, 19, 1, 0, 0.10%, 4, 0, 2, 1956.14
1572597206, 6, 11, 19, 1, 0, 0.10%, 4, 0, 2, 1921.54
1572597211, 7, 18, 19, 1, 0, 0.10%, 4, 0, 2, 1932.80
1572597216, 9, 9, 19, 1, 0, 0.10%, 4, 0, 2, 1932.19
1572597221, 10, 10, 19, 1, 0, 0.10%, 4, 0, 2, 1734.72
1572597226, 11, 14, 19, 1, 0, 0.10%, 4, 0, 2, 1807.01
1572597231, 12, 16, 19, 1, 0, 0.10%, 4, 0, 2, 1577.76
1572597237, 14, 4, 19, 1, 0, 0.10%, 5, 0, 2, 1788.81
1572597242, 15, 9, 19, 1, 0, 0.10%, 5, 0, 2, 1772.96
1572597247, 16, 11, 19, 1, 0, 0.10%, 5, 0, 2, 1804.73
1572597252, 18, 1, 19, 1, 0, 0.10%, 5, 0, 2, 1895.97
1572597257, 19, 10, 19, 1, 0, 0.10%, 5, 0, 2, 1892.81
1572597262, 20, 11, 19, 0, 0, 0.10%, 5, 0, 2, 1792.29
1572597267, 21, 13, 19, 0, 0, 0.10%, 5, 0, 2, 1798.70
1572597273, 22, 12, 19, 0, 0, 0.10%, 5, 0, 2, 1566.95
1572597278, 23, 16, 19, 0, 0, 0.10%, 5, 0, 2, 1704.55
1572597283, 25, 3, 19, 0, 0, 0.10%, 5, 0, 2, 1775.15
1572597288, 26, 4, 19, 0, 0, 0.10%, 5, 0, 2, 1789.84
1572597293, 27, 10, 19, 0, 0, 0.10%, 5, 0, 2, 1704.92
1572597298, 28, 10, 19, 0, 0, 0.10%, 5, 0, 2, 1657.46
1572597303, 29, 13, 19, 0, 0, 0.10%, 5, 0, 2, 1764.14
1572597308, 31, 0, 19, 0, 0, 0.10%, 5, 0, 2, 1797.92
1572597313, 32, 4, 19, 0, 0, 0.10%, 5, 0, 2, 1740.35
1572597318, 33, 10, 19, 0, 0, 0.10%, 5, 0, 2, 1720.48
1572597323, 34, 11, 19, 0, 0, 0.10%, 5, 0, 2, 1760.07
1572597329, 35, 16, 19, 0, 0, 0.10%, 5, 0, 2, 1711.93
1572597334, 37, 3, 19, 0, 0, 0.10%, 5, 0, 2, 1693.37
1572597339, 38, 4, 19, 0, 0, 0.10%, 5, 0, 2, 1628.43
