# unix_time, cycles_done, cur_path, paths_total, pending_total, pending_favs, map_size, unique_crashes, unique_hangs, max_depth, execs_per_sec
1572597380, 0, 0, 1, 1, 1, 0.01%, 0, 0, 1, 800.00
1572597385, 6, 1, 5, 0, 0, 0.03%, 1, 0, 1, 1670.08
1572597390, 12, 3, 5, 0, 0, 0.03%, 1, 0, 1, 1791.77
1572597395, 19, 1, 5, 0, 0, 0.03%, 1, 0, 1, 1919.16
1572597400, 25, 5, 9, 4, 2, 0.09%, 1, 0, 2, 1826.99
1572597406, 25, 7, 18, 12, 9, 0.10%, 2, 0, 2, 1633.31
1572597411, 25, 11, 23, 13, 7, 0.10%, 4, 0, 3, 1631.71
1572597416, 25, 14, 23, 10, 4, 0.10%, 4, 0, 3, 1654.36
1572597421, 25, 19, 24, 9, 2, 0.11%, 4, 0, 3, 1596.60
1572597426, 26, 6, 24, 7, 0, 0.11%, 4, 0, 3, 1598.93
1572597431, 26, 11, 24, 6, 0, 0.11%, 4, 0, 3, 1659.55
1572597436, 26, 15, 24, 6, 0, 0.11%, 4, 0, 3, 1731.72
1572597441, 26, 22, 24, 5, 0, 0.11%, 4, 0, 3, 1766.02
1572597446, 27, 11, 24, 5, 0, 0.11%, 4, 0, 3, 1773.44
1572597451, 27, 14, 24, 5, 0, 0.11%, 4, 0, 3, 1703.63
1572597456, 27, 19, 24, 4, 0, 0.11%, 4, 0, 3, 1563.76
1572597461, 28, 2, 24, 3, 0, 0.11%, 4, 0, 3, 1614.25
1572597467, 28, 12, 24, 3, 0, 0.11%, 4, 0, 3, 1717.81
1572597472, 28, 19, 24, 3, 0, 0.11%, 4, 0, 3, 1690.00
1572597477, 28, 23, 24, 3, 0, 0.11%, 4, 0, 3, 1389.80
1572597482, 29, 11, 24, 2, 0, 0.11%, 4, 0, 3, 1675.04
1572597487, 29, 15, 24, 2, 0, 0.11%, 5, 0, 3, 1628.19
1572597492, 29, 22, 24, 2, 0, 0.11%, 5, 0, 3, 1634.18
1572597497, 30, 11, 24, 2, 0, 0.11%, 5, 0, 3, 1650.34
1572597502, 30, 15, 24, 2, 0, 0.11%, 5, 0, 3, 1649.43
1572597507, 30, 19, 24, 1, 0, 0.11%, 5, 0, 3, 1673.28
1572597512, 31, 6, 24, 1, 0, 0.11%, 5, 0, 3, 1746.37
1572597518, 31, 16, 24, 1, 0, 0.11%, 5, 0, 3, 1749.33
1572597523, 32, 3, 24, 1, 0, 0.11%, 5, 0, 3, 1745.81
1572597528, 32, 20, 24, 1, 0, 0.11%, 5, 0, 3, 1781.74
1572597533, 33, 16, 24, 1, 0, 0.11%, 5, 0, 3, 1755.32
1572597538, 34, 10, 24, 0, 0, 0.11%, 5, 0, 3, 1701.26
1572597543, 34, 23, 25, 1, 0, 0.11%, 5, 0, 4, 1712.71
1572597548, 35, 16, 25, 1, 0, 0.11%, 5, 0, 4, 1747.57
1572597553, 36, 15, 25, 1, 0, 0.11%, 5, 0, 4, 1559.44
1572597559, 37, 0, 25, 0, 0, 0.11%, 5, 0, 4, 1720.69
1572597564, 38, 4, 25, 0, 0, 0.11%, 5, 0, 4, 1766.48
1572597569, 39, 10, 25, 0, 0, 0.11%, 5, 0, 4, 1789.31
1572597574, 40, 5, 25, 0, 0, 0.11%, 5, 0, 4, 1785.67
1572597579, 41, 10, 25, 0, 0, 0.11%, 5, 0, 4, 1806.23
1572597584, 42, 15, 25, 0, 0, 0.11%, 5, 0, 4, 1787.50
1572597589, 43, 16, 25, 0, 0, 0.11%, 5, 0, 4, 1776.04
1572597594, 44, 15, 25, 0, 0, 0.11%, 5, 0, 4, 1791.74
1572597599, 45, 16, 25, 0, 0, 0.11%, 5, 0, 4, 1774.96
1572597604, 46, 15, 25, 0, 0, 0.11%, 5, 0, 4, 1772.59
1572597609, 47, 19, 25, 0, 0, 0.11%, 5, 0, 4, 1781.48
1572597614, 48, 15, 25, 0, 0, 0.11%, 5, 0, 4, 1773.31
1572597619, 49, 16, 25, 0, 0, 0.11%, 5, 0, 4, 1793.50
1572597625, 50, 20, 25, 0, 0, 0.11%, 5, 0, 4, 1796.61
1572597630, 52, 2, 25, 0, 0, 0.11%, 5, 0, 4, 1797.19
1572597635, 53, 8, 25, 0, 0, 0.11%, 5, 0, 4, 1803.62
1572597640, 54, 11, 25, 0, 0, 0.11%, 5, 0, 4, 1787.85
1572597645, 55, 15, 25, 0, 0, 0.11%, 5, 0, 4, 1806.66
1572597650, 56, 19, 25, 0, 0, 0.11%, 5, 0, 4, 1777.41
1572597655, 57, 22, 25, 0, 0, 0.11%, 5, 0, 4, 1791.25
1572597660, 59, 3, 25, 0, 0, 0.11%, 5, 0, 4, 1739.40
1572597665, 59, 23, 25, 0, 0, 0.11%, 5, 0, 4, 1775.49
1572597671, 60, 23, 25, 0, 0, 0.11%, 5, 0, 4, 1773.44
1572597676, 61, 22, 25, 0, 0, 0.11%, 5, 0, 4, 1786.73
1572597681, 62, 19, 25, 0, 0, 0.11%, 5, 0, 4, 1790.88
1572597686, 63, 15, 25, 0, 0, 0.11%, 5, 0, 4, 1797.46
1572597691, 64, 19, 25, 0, 0, 0.11%, 5, 0, 4, 1809.01
1572597696, 65, 20, 25, 0, 0, 0.11%, 5, 0, 4, 1797.86
1572597701, 66, 3, 25, 0, 0, 0.11%, 5, 0, 4, 1756.33
1572597706, 67, 9, 25, 0, 0, 0.11%, 5, 0, 4, 1794.74
1572597711, 68, 9, 26, 0, 0, 0.11%, 5, 0, 4, 1788.26
1572597716, 68, 25, 26, 0, 0, 0.11%, 5, 0, 4, 1772.19
1572597721, 69, 25, 26, 0, 0, 0.11%, 5, 0, 4, 1779.78
1572597727, 70, 25, 26, 0, 0, 0.11%, 5, 0, 4, 1791.21
1572597732, 71, 16, 26, 0, 0, 0.11%, 5, 0, 4, 1791.81
1572597737, 72, 12, 26, 0, 0, 0.11%, 5, 0, 4, 1785.66
1572597742, 73, 4, 26, 0, 0, 0.11%, 6, 0, 4, 1500.40
1572597747, 73, 20, 26, 0, 0, 0.11%, 6, 0, 4, 1570.99
1572597752, 74, 16, 26, 0, 0, 0.11%, 6, 0, 4, 1724.51
1572597757, 75, 15, 26, 0, 0, 0.11%, 6, 0, 4, 1776.36
1572597762, 76, 10, 26, 0, 0, 0.11%, 6, 0, 4, 1790.55
1572597767, 77, 9, 26, 0, 0, 0.11%, 6, 0, 4, 1744.62
1572597772, 77, 25, 26, 0, 0, 0.11%, 6, 0, 4, 1717.44
1572597777, 78, 25, 26, 0, 0, 0.11%, 6, 0, 4, 1763.40
1572597782, 79, 25, 26, 0, 0, 0.11%, 6, 0, 4, 1765.67
1572597787, 80, 19, 26, 0, 0, 0.11%, 6, 0, 4, 1774.49
1572597792, 81, 16, 26, 0, 0, 0.11%, 6, 0, 4, 1779.89
1572597797, 82, 10, 26, 0, 0, 0.11%, 6, 0, 4, 1776.61
1572597802, 83, 3, 26, 0, 0, 0.11%, 6, 0, 4, 1778.39
1572597808, 84, 9, 26, 0, 0, 0.11%, 6, 0, 4, 1809.11
1572597813, 85, 6, 26, 0, 0, 0.11%, 6, 0, 4, 1836.86
1572597818, 86, 10, 26, 0, 0, 0.11%, 6, 0, 4, 1859.61
1572597823, 87, 15, 26, 0, 0, 0.11%, 6, 0, 4, 1844.93
1572597828, 88, 19, 26, 0, 0, 0.11%, 6, 0, 4, 1851.54
1572597833, 89, 16, 26, 0, 0, 0.11%, 6, 0, 4, 1836.26
1572597839, 90, 25, 26, 0, 0, 0.11%, 6, 0, 4, 1856.59
1572597844, 92, 4, 26, 0, 0, 0.11%, 6, 0, 4, 1831.09
1572597849, 92, 24, 26, 0, 0, 0.11%, 6, 0, 4, 1767.21
1572597854, 93, 20, 26, 0, 0, 0.11%, 6, 0, 4, 1747.89
1572597859, 95, 0, 26, 0, 0, 0.11%, 6, 0, 4, 1799.68
1572597864, 96, 3, 26, 0, 0, 0.11%, 6, 0, 4, 1780.00
1572597869, 96, 25, 26, 0, 0, 0.11%, 6, 0, 4, 1765.42
1572597874, 98, 8, 26, 0, 0, 0.11%, 6, 0, 4, 1836.21
1572597879, 99, 12, 26, 0, 0, 0.11%, 6, 0, 4, 1860.86
1572597884, 99, 24, 26, 0, 0, 0.11%, 6, 0, 4, 1866.66
1572597889, 100, 25, 26, 0, 0, 0.11%, 6, 0, 4, 1846.47
1572597895, 102, 4, 26, 0, 0, 0.11%, 6, 0, 4, 1843.47
1572597900, 103, 11, 26, 0, 0, 0.11%, 6, 0, 4, 1843.73
1572597905, 104, 10, 26, 0, 0, 0.11%, 6, 0, 4, 1835.05
1572597910, 105, 15, 26, 0, 0, 0.11%, 6, 0, 4, 1865.39
1572597915, 106, 18, 26, 0, 0, 0.11%, 6, 0, 4, 1830.85
1572597920, 107, 16, 26, 0, 0, 0.11%, 6, 0, 4, 1852.20
1572597925, 108, 25, 26, 0, 0, 0.11%, 6, 0, 4, 1857.48
1572597930, 110, 4, 26, 0, 0, 0.11%, 6, 0, 4, 1850.75
1572597936, 111, 3, 26, 0, 0, 0.11%, 6, 0, 4, 1840.27
1572597941, 112, 10, 26, 0, 0, 0.11%, 6, 0, 4, 1750.98
1572597946, 112, 24, 26, 0, 0, 0.11%, 6, 0, 4, 1829.65
1572597951, 113, 20, 26, 0, 0, 0.11%, 6, 0, 4, 1814.10
1572597956, 115, 1, 26, 0, 0, 0.11%, 6, 0, 4, 1839.18
1572597961, 116, 0, 26, 0, 0, 0.11%, 6, 0, 4, 1842.97
1572597966, 117, 7, 26, 0, 0, 0.11%, 6, 0, 4, 1847.71
1572597971, 118, 9, 26, 0, 0, 0.11%, 6, 0, 4, 1853.21
1572597976, 119, 12, 26, 0, 0, 0.11%, 6, 0, 4, 1840.34
1572597981, 120, 16, 26, 0, 0, 0.11%, 6, 0, 4, 1841.56
1572597986, 121, 25, 26, 0, 0, 0.11%, 6, 0, 4, 1848.04
1572597992, 123, 8, 26, 0, 0, 0.11%, 6, 0, 4, 1842.37
1572597997, 124, 12, 26, 0, 0, 0.11%, 6, 0, 4, 1817.16
1572598002, 125, 9, 26, 0, 0, 0.11%, 6, 0, 4, 1761.54
1572598007, 126, 15, 26, 0, 0, 0.11%, 6, 0, 4, 1842.72
1572598012, 127, 16, 26, 0, 0, 0.11%, 6, 0, 4, 1839.82
1572598017, 128, 15, 26, 0, 0, 0.11%, 6, 0, 4, 1850.60
1572598022, 129, 15, 26, 0, 0, 0.11%, 6, 0, 4, 1823.04
1572598027, 130, 20, 26, 0, 0, 0.11%, 6, 0, 4, 1842.39
1572598032, 132, 1, 26, 0, 0, 0.11%, 6, 0, 4, 1836.33
1572598037, 133, 10, 26, 0, 0, 0.11%, 6, 0, 4, 1862.04
1572598043, 134, 15, 26, 0, 0, 0.11%, 6, 0, 4, 1872.92
1572598048, 135, 18, 26, 0, 0, 0.11%, 6, 0, 4, 1852.00
1572598053, 136, 19, 26, 0, 0, 0.11%, 6, 0, 4, 1846.52
1572598058, 138, 2, 26, 0, 0, 0.11%, 6, 0, 4, 1846.29
1572598063, 139, 9, 26, 0, 0, 0.11%, 6, 0, 4, 1855.92
1572598068, 140, 14, 26, 0, 0, 0.11%, 6, 0, 4, 1863.07
1572598073, 140, 25, 26, 0, 0, 0.11%, 6, 0, 4, 1866.21
1572598078, 141, 20, 26, 0, 0, 0.11%, 6, 0, 4, 1852.08
1572598083, 142, 24, 26, 0, 0, 0.11%, 6, 0, 4, 1846.92
1572598089, 143, 16, 26, 0, 0, 0.11%, 6, 0, 4, 1839.02
1572598094, 144, 16, 26, 0, 0, 0.11%, 6, 0, 4, 1846.62
1572598099, 145, 25, 26, 0, 0, 0.11%, 6, 0, 4, 1855.58
1572598104, 146, 21, 26, 0, 0, 0.11%, 6, 0, 4, 1808.01
1572598109, 147, 25, 26, 0, 0, 0.11%, 6, 0, 4, 1840.95
1572598114, 149, 0, 26, 0, 0, 0.11%, 6, 0, 4, 1851.65
1572598119, 149, 25, 26, 0, 0, 0.11%, 6, 0, 4, 1806.59
1572598125, 151, 8, 26, 0, 0, 0.11%, 6, 0, 4, 1863.45
1572598130, 152, 11, 26, 0, 0, 0.11%, 6, 0, 4, 1840.51
1572598135, 153, 16, 26, 0, 0, 0.11%, 6, 0, 4, 1865.69
1572598140, 154, 20, 26, 0, 0, 0.11%, 6, 0, 4, 1845.94
1572598145, 156, 3, 26, 0, 0, 0.11%, 6, 0, 4, 1863.24
1572598150, 157, 11, 26, 0, 0, 0.11%, 6, 0, 4, 1860.36
1572598155, 158, 16, 26, 0, 0, 0.11%, 6, 0, 4, 1857.03
1572598160, 159, 25, 26, 0, 0, 0.11%, 6, 0, 4, 1862.80
1572598166, 161, 4, 26, 0, 0, 0.11%, 6, 0, 4, 1866.13
1572598171, 162, 9, 26, 0, 0, 0.11%, 6, 0, 4, 1858.16
1572598176, 163, 10, 26, 0, 0, 0.11%, 6, 0, 4, 1868.70
1572598181, 164, 12, 26, 0, 0, 0.11%, 6, 0, 4, 1866.83
1572598186, 165, 19, 26, 0, 0, 0.11%, 6, 0, 4, 1846.75
1572598191, 166, 25, 26, 0, 0, 0.11%, 6, 0, 4, 1853.69
1572598196, 168, 4, 26, 0, 0, 0.11%, 6, 0, 4, 1858.12
1572598201, 168, 22, 26, 0, 0, 0.11%, 6, 0, 4, 1783.43
1572598207, 169, 24, 26, 0, 0, 0.11%, 6, 0, 4, 1820.77
1572598212, 170, 12, 26, 0, 0, 0.11%, 6, 0, 4, 1827.75
1572598217, 171, 9, 26, 0, 0, 0.11%, 6, 0, 4, 1853.00
1572598222, 172, 10, 26, 0, 0, 0.11%, 6, 0, 4, 1860.42
1572598227, 173, 15, 26, 0, 0, 0.11%, 6, 0, 4, 1869.43
1572598232, 174, 19, 26, 0, 0, 0.11%, 6, 0, 4, 1867.20
1572598237, 175, 17, 26, 0, 0, 0.11%, 6, 0, 4, 1846.64
1572598242, 176, 13, 26, 0, 0, 0.11%, 6, 0, 4, 1845.50
1572598248, 177, 16, 26, 0, 0, 0.11%, 6, 0, 4, 1875.33
1572598253, 178, 25, 26, 0, 0, 0.11%, 6, 0, 4, 1854.87
1572598258, 179, 24, 26, 0, 0, 0.11%, 6, 0, 4, 1838.66
1572598263, 180, 25, 26, 0, 0, 0.11%, 6, 0, 4, 1846.91
1572598268, 182, 9, 26, 0, 0, 0.11%, 6, 0, 4, 1862.41
1572598274, 182, 25, 26, 0, 0, 0.11%, 6, 0, 4, 1842.53
1572598279, 184, 2, 26, 0, 0, 0.11%, 6, 0, 4, 1867.59
1572598284, 185, 8, 26, 0, 0, 0.11%, 6, 0, 4, 1871.80
1572598289, 186, 12, 26, 0, 0, 0.11%, 6, 0, 4, 1865.33
1572598294, 187, 16, 26, 0, 0, 0.11%, 6, 0, 4, 1869.98
1572598299, 188, 19, 26, 0, 0, 0.11%, 6, 0, 4, 1850.53
1572598304, 189, 25, 26, 0, 0, 0.11%, 6, 0, 4, 1827.39
1572598309, 191, 9, 26, 0, 0, 0.11%, 6, 0, 4, 1873.37
1572598315, 192, 12, 26, 0, 0, 0.11%, 6, 0, 4, 1860.05
1572598320, 193, 16, 26, 0, 0, 0.11%, 6, 0, 4, 1838.83
1572598325, 194, 12, 26, 0, 0, 0.11%, 6, 0, 4, 1840.40
1572598330, 195, 16, 26, 0, 0, 0.11%, 6, 0, 4, 1849.12
1572598335, 196, 12, 26, 0, 0, 0.11%, 6, 0, 4, 1820.43
1572598340, 197, 16, 26, 0, 0, 0.11%, 6, 0, 4, 1754.21
1572598345, 198, 16, 26, 0, 0, 0.11%, 6, 0, 4, 1568.44
1572598350, 199, 10, 26, 0, 0, 0.11%, 6, 0, 4, 1724.50
1572598355, 200, 15, 26, 0, 0, 0.11%, 6, 0, 4, 1806.00
1572598361, 201, 15, 26, 0, 0, 0.11%, 6, 0, 4, 1824.00
1572598366, 202, 19, 26, 0, 0, 0.11%, 6, 0, 4, 1840.41
1572598371, 204, 2, 26, 0, 0, 0.11%, 6, 0, 4, 1839.82
1572598376, 205, 10, 26, 0, 0, 0.11%, 6, 0, 4, 1831.98
1572598381, 206, 12, 26, 0, 0, 0.11%, 6, 0, 4, 1830.24
1572598386, 207, 16, 26, 0, 0, 0.11%, 6, 0, 4, 1823.62
1572598391, 208, 17, 26, 0, 0, 0.11%, 6, 0, 4, 1819.35
1572598396, 209, 19, 26, 0, 0, 0.11%, 6, 0, 4, 1856.66
1572598402, 211, 0, 26, 0, 0, 0.11%, 6, 0, 4, 1852.53
1572598407, 212, 3, 26, 0, 0, 0.11%, 6, 0, 4, 1828.75
1572598412, 213, 9, 26, 0, 0, 0.11%, 6, 0, 4, 1855.69
1572598417, 214, 10, 26, 0, 0, 0.11%, 6, 0, 4, 1867.64
1572598422, 215, 12, 26, 0, 0, 0.11%, 6, 0, 4, 1859.69
1572598427, 216, 16, 26, 0, 0, 0.11%, 6, 0, 4, 1848.08
1572598432, 217, 25, 26, 0, 0, 0.11%, 6, 0, 4, 1848.58
1572598438, 219, 4, 26, 0, 0, 0.11%, 6, 0, 4, 1851.96
1572598443, 220, 12, 26, 0, 0, 0.11%, 6, 0, 4, 1852.82
1572598448, 221, 16, 26, 0, 0, 0.11%, 6, 0, 4, 1845.61
1572598453, 222, 25, 26, 0, 0, 0.11%, 6, 0, 4, 1845.45
1572598458, 224, 8, 26, 0, 0, 0.11%, 6, 0, 4, 1860.56
1572598463, 225, 11, 26, 0, 0, 0.11%, 6, 0, 4, 1848.80
1572598468, 226, 11, 26, 0, 0, 0.11%, 6, 0, 4, 1853.20
1572598474, 227, 15, 26, 0, 0, 0.11%, 6, 0, 4, 1837.55
1572598479, 228, 20, 26, 0, 0, 0.11%, 6, 0, 4, 1855.08
1572598484, 229, 25, 26, 0, 0, 0.11%, 6, 0, 4, 1826.13
1572598489, 231, 1, 26, 0, 0, 0.11%, 6, 0, 4, 1849.40
1572598494, 232, 8, 26, 0, 0, 0.11%, 6, 0, 4, 1849.03
1572598499, 233, 11, 26, 0, 0, 0.11%, 6, 0, 4, 1840.24
1572598505, 234, 16, 26, 0, 0, 0.11%, 6, 0, 4, 1754.48
1572598510, 235, 19, 26, 0, 0, 0.11%, 6, 0, 4, 1812.50
1572598515, 236, 25, 26, 0, 0, 0.11%, 6, 0, 4, 1803.84
1572598520, 237, 26, 27, 1, 1, 0.11%, 6, 0, 4, 1737.52
1572598525, 238, 19, 27, 0, 0, 0.11%, 7, 0, 4, 1694.44
1572598530, 239, 9, 27, 0, 0, 0.11%, 7, 0, 4, 1690.69
1572598535, 239, 26, 27, 0, 0, 0.11%, 7, 0, 4, 1403.20
1572598540, 240, 16, 27, 0, 0, 0.11%, 7, 0, 4, 1737.32
1572598545, 241, 9, 27, 0, 0, 0.11%, 7, 0, 4, 1831.97
1572598550, 241, 26, 27, 0, 0, 0.11%, 7, 0, 4, 1850.52
1572598555, 242, 26, 27, 0, 0, 0.11%, 7, 0, 4, 1822.95
1572598561, 243, 16, 27, 0, 0, 0.11%, 7, 0, 4, 1816.81
1572598566, 244, 3, 27, 0, 0, 0.11%, 7, 0, 4, 1839.31
1572598571, 244, 26, 27, 0, 0, 0.11%, 7, 0, 4, 1830.88
1572598576, 245, 25, 27, 0, 0, 0.11%, 7, 0, 4, 1848.67
1572598581, 246, 11, 27, 0, 0, 0.11%, 7, 0, 4, 1831.17
1572598586, 246, 26, 27, 0, 0, 0.11%, 7, 0, 4, 1827.08
1572598591, 247, 26, 27, 0, 0, 0.11%, 7, 0, 4, 1836.92
1572598596, 248, 25, 27, 0, 0, 0.11%, 7, 0, 4, 1827.64
1572598601, 249, 11, 27, 0, 0, 0.11%, 7, 0, 4, 1861.14
1572598606, 250, 4, 27, 0, 0, 0.11%, 7, 0, 4, 1845.43
1572598612, 250, 26, 27, 0, 0, 0.11%, 7, 0, 4, 1862.30
1572598617, 251, 25, 27, 0, 0, 0.11%, 7, 0, 4, 1838.66
1572598622, 252, 11, 27, 0, 0, 0.11%, 7, 0, 4, 1829.74
1572598627, 253, 1, 27, 0, 0, 0.11%, 7, 0, 4, 1839.77
1572598632, 253, 26, 27, 0, 0, 0.11%, 7, 0, 4, 1844.49
1572598637, 254, 25, 27, 0, 0, 0.11%, 7, 0, 4, 1837.88
1572598642, 255, 13, 27, 0, 0, 0.11%, 7, 0, 4, 1857.23
1572598647, 256, 1, 27, 0, 0, 0.11%, 7, 0, 4, 1842.42
1572598652, 256, 26, 27, 0, 0, 0.11%, 7, 0, 4, 1833.50
1572598657, 257, 16, 27, 0, 0, 0.11%, 7, 0, 4, 1855.44
1572598662, 258, 9, 27, 0, 0, 0.11%, 7, 0, 4, 1830.47
1572598667, 258, 26, 27, 0, 0, 0.11%, 7, 0, 4, 1858.31
1572598673, 259, 26, 27, 0, 0, 0.11%, 7, 0, 4, 1847.95
1572598678, 260, 15, 27, 0, 0, 0.11%, 7, 0, 4, 1855.67
1572598683, 261, 10, 27, 0, 0, 0.11%, 7, 0, 4, 1853.94
1572598688, 261, 26, 27, 0, 0, 0.11%, 7, 0, 4, 1866.45
1572598693, 262, 26, 27, 0, 0, 0.11%, 7, 0, 4, 1860.10
1572598698, 263, 26, 27, 0, 0, 0.11%, 7, 0, 4, 1867.17
1572598703, 264, 16, 27, 0, 0, 0.11%, 7, 0, 4, 1840.31
1572598708, 265, 6, 27, 0, 0, 0.11%, 7, 0, 4, 1857.88
1572598713, 265, 26, 27, 0, 0, 0.11%, 7, 0, 4, 1870.66
1572598718, 266, 19, 27, 0, 0, 0.11%, 7, 0, 4, 1804.36
1572598724, 267, 1, 27, 0, 0, 0.11%, 7, 0, 4, 1495.55
1572598729, 267, 26, 27, 0, 0, 0.11%, 7, 0, 4, 1531.11
1572598734, 268, 15, 27, 0, 0, 0.11%, 7, 0, 4, 1531.81
1572598739, 269, 0, 27, 0, 0, 0.11%, 7, 0, 4, 1556.89
1572598744, 269, 26, 27, 0, 0, 0.11%, 7, 0, 4, 1538.18
1572598749, 270, 12, 27, 0, 0, 0.11%, 7, 0, 4, 1569.45
1572598754, 271, 4, 27, 0, 0, 0.11%, 7, 0, 4, 1793.12
1572598759, 271, 26, 27, 0, 0, 0.11%, 7, 0, 4, 1861.33
1572598764, 272, 26, 27, 0, 0, 0.11%, 7, 0, 4, 1827.71
1572598769, 273, 15, 27, 0, 0, 0.11%, 7, 0, 4, 1857.39
1572598774, 274, 4, 27, 0, 0, 0.11%, 7, 0, 4, 1868.11
1572598780, 274, 26, 27, 0, 0, 0.11%, 7, 0, 4, 1828.03
1572598785, 275, 26, 27, 0, 0, 0.11%, 7, 0, 4, 1802.92
1572598790, 276, 15, 27, 0, 0, 0.11%, 7, 0, 4, 1791.36
1572598795, 277, 1, 27, 0, 0, 0.11%, 7, 0, 4, 1836.36
1572598800, 277, 26, 27, 0, 0, 0.11%, 7, 0, 4, 1831.16
1572598805, 278, 25, 27, 0, 0, 0.11%, 7, 0, 4, 1836.18
1572598810, 279, 12, 27, 0, 0, 0.11%, 7, 0, 4, 1861.25
1572598815, 280, 3, 27, 0, 0, 0.11%, 7, 0, 4, 1866.62
1572598820, 280, 26, 27, 0, 0, 0.11%, 7, 0, 4, 1862.53
1572598825, 281, 26, 27, 0, 0, 0.11%, 7, 0, 4, 1855.49
1572598830, 282, 19, 27, 0, 0, 0.11%, 7, 0, 4, 1849.37
1572598836, 283, 9, 27, 0, 0, 0.11%, 7, 0, 4, 1832.70
1572598841, 283, 26, 27, 0, 0, 0.11%, 7, 0, 4, 1842.27
1572598846, 284, 26, 27, 0, 0, 0.11%, 7, 0, 4, 1855.05
1572598851, 285, 16, 27, 0, 0, 0.11%, 7, 0, 4, 1843.52
1572598856, 286, 8, 27, 0, 0, 0.11%, 7, 0, 4, 1842.90
1572598861, 286, 26, 27, 0, 0, 0.11%, 7, 0, 4, 1857.47
1572598866, 287, 25, 27, 0, 0, 0.11%, 7, 0, 4, 1842.40
1572598871, 288, 12, 27, 0, 0, 0.11%, 7, 0, 4, 1863.75
1572598876, 289, 4, 27, 0, 0, 0.11%, 7, 0, 4, 1859.40
1572598881, 289, 26, 27, 0, 0, 0.11%, 7, 0, 4, 1864.32
1572598886, 290, 26, 27, 0, 0, 0.11%, 7, 0, 4, 1864.22
1572598892, 291, 25, 27, 0, 0, 0.11%, 7, 0, 4, 1844.19
1572598897, 292, 16, 27, 0, 0, 0.11%, 7, 0, 4, 1859.85
1572598902, 293, 10, 27, 0, 0, 0.11%, 7, 0, 4, 1832.18
1572598907, 293, 26, 27, 0, 0, 0.11%, 7, 0, 4, 1852.26
1572598912, 294, 26, 27, 0, 0, 0.11%, 7, 0, 4, 1882.56
1572598917, 295, 26, 27, 0, 0, 0.11%, 7, 0, 4, 1852.05
1572598922, 296, 16, 27, 0, 0, 0.11%, 7, 0, 4, 1832.55
1572598927, 297, 16, 27, 0, 0, 0.11%, 7, 0, 4, 1874.81
1572598932, 298, 16, 27, 0, 0, 0.11%, 7, 0, 4, 1846.19
1572598937, 299, 25, 27, 0, 0, 0.11%, 7, 0, 4, 1861.62
1572598942, 300, 26, 27, 0, 0, 0.11%, 7, 0, 4, 1852.35
1572598948, 302, 4, 27, 0, 0, 0.11%, 8, 0, 4, 1862.54
1572598953, 303, 8, 27, 0, 0, 0.11%, 8, 0, 4, 1852.73
1572598958, 304, 11, 27, 0, 0, 0.11%, 8, 0, 4, 1867.65
1572598963, 305, 4, 27, 0, 0, 0.11%, 8, 0, 4, 1839.06
1572598968, 306, 12, 27, 0, 0, 0.11%, 8, 0, 4, 1848.11
1572598973, 307, 15, 27, 0, 0, 0.11%, 8, 0, 4, 1857.17
1572598978, 308, 16, 27, 0, 0, 0.11%, 8, 0, 4, 1832.00
1572598983, 309, 22, 27, 0, 0, 0.11%, 8, 0, 4, 1839.86
1572598989, 310, 20, 27, 0, 0, 0.11%, 8, 0, 4, 1846.05
1572598994, 311, 25, 27, 0, 0, 0.11%, 8, 0, 4, 1841.55
1572598999, 312, 26, 27, 0, 0, 0.11%, 8, 0, 4, 1854.26
1572599004, 313, 25, 27, 0, 0, 0.11%, 8, 0, 4, 1841.70
1572599009, 314, 26, 27, 0, 0, 0.11%, 8, 0, 4, 1839.86
1572599014, 316, 3, 27, 0, 0, 0.11%, 8, 0, 4, 1864.69
1572599019, 317, 8, 27, 0, 0, 0.11%, 8, 0, 4, 1874.75
1572599025, 318, 11, 27, 0, 0, 0.11%, 8, 0, 4, 1867.32
1572599030, 319, 13, 27, 0, 0, 0.11%, 8, 0, 4, 1856.79
1572599035, 320, 12, 27, 0, 0, 0.11%, 8, 0, 4, 1867.03
1572599040, 321, 13, 27, 0, 0, 0.11%, 8, 0, 4, 1861.65
1572599045, 322, 16, 27, 0, 0, 0.11%, 8, 0, 4, 1862.80
1572599050, 323, 19, 27, 0, 0, 0.11%, 8, 0, 4, 1836.12
1572599055, 324, 24, 27, 0, 0, 0.11%, 8, 0, 4, 1861.99
1572599060, 325, 25, 27, 0, 0, 0.11%, 8, 0, 4, 1863.35
1572599065, 326, 25, 27, 0, 0, 0.11%, 8, 0, 4, 1860.72
1572599071, 328, 0, 27, 0, 0, 0.11%, 8, 0, 4, 1857.55
1572599076, 329, 4, 27, 0, 0, 0.11%, 8, 0, 4, 1850.04
1572599081, 330, 9, 27, 0, 0, 0.11%, 8, 0, 4, 1841.09
1572599086, 331, 10, 27, 0, 0, 0.11%, 8, 0, 4, 1864.02
1572599091, 332, 10, 27, 0, 0, 0.11%, 8, 0, 4, 1852.49
1572599096, 333, 11, 27, 0, 0, 0.11%, 8, 0, 4, 1862.37
1572599101, 334, 12, 27, 0, 0, 0.11%, 8, 0, 4, 1868.39
1572599106, 335, 16, 27, 0, 0, 0.11%, 8, 0, 4, 1869.02
1572599111, 336, 16, 27, 0, 0, 0.11%, 8, 0, 4, 1865.29
1572599116, 337, 16, 27, 0, 0, 0.11%, 8, 0, 4, 1870.55
1572599122, 338, 25, 27, 0, 0, 0.11%, 8, 0, 4, 1851.18
1572599127, 339, 25, 27, 0, 0, 0.11%, 8, 0, 4, 1848.90
1572599132, 341, 0, 27, 0, 0, 0.11%, 8, 0, 4, 1851.46
1572599137, 342, 2, 27, 0, 0, 0.11%, 8, 0, 4, 1859.66
1572599142, 343, 4, 27, 0, 0, 0.11%, 8, 0, 4, 1795.63
1572599147, 344, 9, 27, 0, 0, 0.11%, 8, 0, 4, 1787.97
1572599152, 345, 11, 27, 0, 0, 0.11%, 8, 0, 4, 1811.92
1572599158, 346, 12, 27, 0, 0, 0.11%, 8, 0, 4, 1853.73
1572599163, 347, 16, 27, 0, 0, 0.11%, 8, 0, 4, 1847.90
1572599168, 348, 16, 27, 0, 0, 0.11%, 8, 0, 4, 1862.16
1572599173, 349, 20, 27, 0, 0, 0.11%, 8, 0, 4, 1849.92
1572599178, 350, 25, 27, 0, 0, 0.11%, 8, 0, 4, 1863.19
1572599183, 351, 26, 27, 0, 0, 0.11%, 8, 0, 4, 1869.20
1572599188, 352, 26, 27, 0, 0, 0.11%, 8, 0, 4, 1850.24
1572599193, 353, 26, 27, 0, 0, 0.11%, 8, 0, 4, 1855.00
1572599198, 355, 1, 27, 0, 0, 0.11%, 8, 0, 4, 1839.63
1572599203, 356, 1, 27, 0, 0, 0.11%, 8, 0, 4, 1846.37
1572599208, 357, 3, 27, 0, 0, 0.11%, 8, 0, 4, 1859.99
1572599214, 358, 8, 27, 0, 0, 0.11%, 8, 0, 4, 1871.81
1572599219, 359, 10, 27, 0, 0, 0.11%, 8, 0, 4, 1865.49
1572599224, 360, 15, 27, 0, 0, 0.11%, 8, 0, 4, 1842.60
1572599229, 361, 16, 27, 0, 0, 0.11%, 8, 0, 4, 1849.07
1572599234, 362, 19, 27, 0, 0, 0.11%, 8, 0, 4, 1853.88
1572599239, 363, 26, 27, 0, 0, 0.11%, 8, 0, 4, 1872.34
1572599244, 365, 0, 27, 0, 0, 0.11%, 8, 0, 4, 1880.40
1572599249, 366, 4, 27, 0, 0, 0.11%, 8, 0, 4, 1865.98
1572599255, 367, 9, 27, 0, 0, 0.11%, 8, 0, 4, 1844.51
1572599260, 368, 11, 27, 0, 0, 0.11%, 8, 0, 4, 1846.69
1572599265, 369, 12, 27, 0, 0, 0.11%, 8, 0, 4, 1859.24
1572599270, 370, 12, 27, 0, 0, 0.11%, 8, 0, 4, 1860.73
1572599275, 371, 12, 27, 0, 0, 0.11%, 8, 0, 4, 1856.11
1572599280, 372, 16, 27, 0, 0, 0.11%, 8, 0, 4, 1856.25
1572599285, 373, 21, 27, 0, 0, 0.11%, 8, 0, 4, 1853.75
1572599291, 374, 25, 27, 0, 0, 0.11%, 8, 0, 4, 1834.71
1572599296, 375, 26, 27, 0, 0, 0.11%, 8, 0, 4, 1862.71
1572599301, 377, 1, 27, 0, 0, 0.11%, 8, 0, 4, 1868.65
1572599306, 378, 3, 27, 0, 0, 0.11%, 8, 0, 4, 1863.15
1572599311, 379, 8, 27, 0, 0, 0.11%, 8, 0, 4, 1851.35
1572599316, 380, 10, 27, 0, 0, 0.11%, 8, 0, 4, 1842.39
1572599321, 381, 12, 27, 0, 0, 0.11%, 8, 0, 4, 1858.51
1572599326, 382, 15, 27, 0, 0, 0.11%, 8, 0, 4, 1866.64
1572599332, 383, 16, 27, 0, 0, 0.11%, 8, 0, 4, 1838.05
1572599337, 384, 19, 27, 0, 0, 0.11%, 8, 0, 4, 1853.86
1572599342, 385, 25, 27, 0, 0, 0.11%, 8, 0, 4, 1845.64
1572599347, 386, 26, 27, 0, 0, 0.11%, 8, 0, 4, 1842.96
1572599352, 388, 0, 27, 0, 0, 0.11%, 8, 0, 4, 1847.58
1572599357, 389, 4, 27, 0, 0, 0.11%, 8, 0, 4, 1864.17
1572599362, 390, 8, 27, 0, 0, 0.11%, 8, 0, 4, 1877.46
1572599367, 391, 10, 27, 0, 0, 0.11%, 8, 0, 4, 1868.16
1572599372, 392, 10, 27, 0, 0, 0.11%, 8, 0, 4, 1859.58
1572599377, 393, 12, 27, 0, 0, 0.11%, 8, 0, 4, 1851.59
1572599383, 394, 12, 27, 0, 0, 0.11%, 8, 0, 4, 1784.60
1572599388, 395, 12, 27, 0, 0, 0.11%, 8, 0, 4, 1839.40
1572599393, 396, 11, 27, 0, 0, 0.11%, 8, 0, 4, 1840.79
1572599398, 397, 11, 27, 0, 0, 0.11%, 8, 0, 4, 1852.89
1572599403, 398, 15, 27, 0, 0, 0.11%, 8, 0, 4, 1867.61
1572599408, 399, 16, 27, 0, 0, 0.11%, 8, 0, 4, 1851.49
1572599413, 400, 16, 27, 0, 0, 0.11%, 8, 0, 4, 1800.08
1572599418, 401, 16, 27, 0, 0, 0.11%, 8, 0, 4, 1834.09
1572599424, 402, 19, 27, 0, 0, 0.11%, 8, 0, 4, 1827.83
1572599429, 403, 23, 27, 0, 0, 0.11%, 8, 0, 4, 1839.73
1572599434, 404, 19, 27, 0, 0, 0.11%, 8, 0, 4, 1853.05
1572599439, 405, 19, 27, 0, 0, 0.11%, 8, 0, 4, 1826.79
1572599444, 406, 25, 27, 0, 0, 0.11%, 8, 0, 4, 1825.72
1572599449, 407, 25, 27, 0, 0, 0.11%, 8, 0, 4, 1843.05
1572599454, 408, 26, 27, 0, 0, 0.11%, 8, 0, 4, 1822.78
1572599459, 409, 26, 27, 0, 0, 0.11%, 8, 0, 4, 1808.98
1572599464, 411, 1, 27, 0, 0, 0.11%, 8, 0, 4, 1816.48
1572599469, 412, 4, 27, 0, 0, 0.11%, 8, 0, 4, 1836.08
1572599474, 413, 8, 27, 0, 0, 0.11%, 8, 0, 4, 1856.10
1572599479, 414, 10, 27, 0, 0, 0.11%, 8, 0, 4, 1857.43
1572599485, 415, 12, 27, 0, 0, 0.11%, 8, 0, 4, 1857.41
1572599490, 416, 16, 27, 0, 0, 0.11%, 8, 0, 4, 1854.48
1572599495, 417, 16, 27, 0, 0, 0.11%, 8, 0, 4, 1840.99
1572599500, 418, 25, 27, 0, 0, 0.11%, 8, 0, 4, 1841.09
1572599505, 419, 24, 27, 0, 0, 0.11%, 8, 0, 4, 1825.90
1572599510, 420, 25, 27, 0, 0, 0.11%, 8, 0, 4, 1814.12
1572599515, 421, 26, 27, 0, 0, 0.11%, 8, 0, 4, 1807.67
1572599520, 422, 26, 27, 0, 0, 0.11%, 8, 0, 4, 1788.92
1572599525, 424, 2, 27, 0, 0, 0.11%, 8, 0, 4, 1778.20
1572599531, 425, 3, 27, 0, 0, 0.11%, 8, 0, 4, 1787.67
1572599536, 426, 10, 27, 0, 0, 0.11%, 8, 0, 4, 1788.62
1572599541, 427, 11, 27, 0, 0, 0.11%, 8, 0, 4, 1786.05
1572599546, 428, 15, 27, 0, 0, 0.11%, 8, 0, 4, 1796.54
1572599551, 429, 15, 27, 0, 0, 0.11%, 8, 0, 4, 1786.22
1572599556, 430, 16, 27, 0, 0, 0.11%, 8, 0, 4, 1833.46
1572599561, 431, 25, 27, 0, 0, 0.11%, 8, 0, 4, 1868.10
1572599566, 432, 25, 27, 0, 0, 0.11%, 8, 0, 4, 1858.52
1572599571, 433, 26, 27, 0, 0, 0.11%, 8, 0, 4, 1829.82
1572599577, 435, 4, 27, 0, 0, 0.11%, 8, 0, 4, 1840.80
1572599582, 436, 10, 27, 0, 0, 0.11%, 8, 0, 4, 1859.10
1572599587, 437, 10, 27, 0, 0, 0.11%, 8, 0, 4, 1858.29
1572599592, 438, 12, 27, 0, 0, 0.11%, 8, 0, 4, 1847.23
1572599597, 439, 10, 27, 0, 0, 0.11%, 8, 0, 4, 1852.51
1572599602, 440, 12, 27, 0, 0, 0.11%, 8, 0, 4, 1859.56
1572599607, 441, 12, 27, 0, 0, 0.11%, 8, 0, 4, 1839.13
1572599613, 442, 15, 27, 0, 0, 0.11%, 8, 0, 4, 1839.88
1572599618, 443, 16, 27, 0, 0, 0.11%, 8, 0, 4, 1828.84
1572599623, 444, 16, 27, 0, 0, 0.11%, 8, 0, 4, 1817.59
1572599628, 445, 18, 27, 0, 0, 0.11%, 8, 0, 4, 1832.75
1572599633, 446, 19, 27, 0, 0, 0.11%, 8, 0, 4, 1803.22
1572599638, 447, 25, 27, 0, 0, 0.11%, 8, 0, 4, 1804.99
1572599643, 448, 26, 27, 0, 0, 0.11%, 8, 0, 4, 1815.11
1572599648, 449, 26, 27, 0, 0, 0.11%, 8, 0, 4, 1819.27
1572599653, 450, 26, 27, 0, 0, 0.11%, 8, 0, 4, 1843.66
1572599658, 452, 1, 27, 0, 0, 0.11%, 8, 0, 4, 1860.58
1572599663, 452, 26, 27, 0, 0, 0.11%, 8, 0, 4, 1853.21
1572599668, 454, 3, 27, 0, 0, 0.11%, 8, 0, 4, 1859.71
1572599674, 455, 10, 27, 0, 0, 0.11%, 8, 0, 4, 1866.89
1572599679, 456, 12, 27, 0, 0, 0.11%, 8, 0, 4, 1850.39
1572599684, 457, 16, 27, 0, 0, 0.11%, 8, 0, 4, 1864.85
1572599689, 458, 19, 27, 0, 0, 0.11%, 8, 0, 4, 1856.99
1572599694, 459, 19, 27, 0, 0, 0.11%, 8, 0, 4, 1859.08
1572599700, 460, 25, 27, 0, 0, 0.11%, 8, 0, 4, 1837.95
1572599705, 461, 25, 27, 0, 0, 0.11%, 8, 0, 4, 1867.82
1572599710, 462, 26, 27, 0, 0, 0.11%, 8, 0, 4, 1855.43
1572599715, 464, 3, 27, 0, 0, 0.11%, 8, 0, 4, 1861.80
1572599720, 465, 8, 27, 0, 0, 0.11%, 8, 0, 4, 1875.73
1572599725, 466, 10, 27, 0, 0, 0.11%, 8, 0, 4, 1873.44
1572599730, 467, 8, 27, 0, 0, 0.11%, 8, 0, 4, 1857.10
1572599735, 468, 11, 27, 0, 0, 0.11%, 8, 0, 4, 1850.24
1572599740, 469, 9, 27, 0, 0, 0.11%, 8, 0, 4, 1775.79
1572599745, 470, 9, 27, 0, 0, 0.11%, 8, 0, 4, 1823.39
1572599750, 471, 8, 27, 0, 0, 0.11%, 8, 0, 4, 1825.91
1572599756, 472, 9, 27, 0, 0, 0.11%, 8, 0, 4, 1851.03
1572599761, 473, 11, 27, 0, 0, 0.11%, 8, 0, 4, 1852.63
1572599766, 474, 15, 27, 0, 0, 0.11%, 8, 0, 4, 1859.63
1572599771, 475, 16, 27, 0, 0, 0.11%, 8, 0, 4, 1849.95
1572599776, 476, 19, 27, 0, 0, 0.11%, 8, 0, 4, 1857.92
1572599781, 477, 25, 27, 0, 0, 0.11%, 8, 0, 4, 1867.98
1572599786, 478, 26, 27, 0, 0, 0.11%, 8, 0, 4, 1850.51
1572599791, 480, 0, 27, 0, 0, 0.11%, 8, 0, 4, 1829.41
1572599796, 481, 3, 27, 0, 0, 0.11%, 8, 0, 4, 1806.64
1572599801, 481, 26, 27, 0, 0, 0.11%, 8, 0, 4, 1798.76
1572599807, 482, 26, 27, 0, 0, 0.11%, 8, 0, 4, 1805.56
1572599812, 484, 0, 27, 0, 0, 0.11%, 8, 0, 4, 1822.67
1572599817, 485, 0, 27, 0, 0, 0.11%, 8, 0, 4, 1791.00
1572599822, 486, 4, 27, 0, 0, 0.11%, 8, 0, 4, 1789.44
1572599827, 487, 8, 27, 0, 0, 0.11%, 8, 0, 4, 1838.76
1572599832, 488, 9, 27, 0, 0, 0.11%, 8, 0, 4, 1849.27
1572599837, 489, 12, 27, 0, 0, 0.11%, 8, 0, 4, 1850.81
1572599842, 490, 15, 27, 0, 0, 0.11%, 8, 0, 4, 1846.19
1572599848, 491, 16, 27, 0, 0, 0.11%, 8, 0, 4, 1873.67
1572599853, 492, 19, 27, 0, 0, 0.11%, 8, 0, 4, 1845.97
1572599858, 493, 19, 27, 0, 0, 0.11%, 8, 0, 4, 1861.55
1572599863, 494, 26, 27, 0, 0, 0.11%, 8, 0, 4, 1849.34
1572599868, 495, 26, 27, 0, 0, 0.11%, 8, 0, 4, 1862.61
1572599873, 497, 3, 27, 0, 0, 0.11%, 8, 0, 4, 1863.21
1572599879, 498, 9, 27, 0, 0, 0.11%, 8, 0, 4, 1869.49
1572599884, 499, 10, 27, 0, 0, 0.11%, 8, 0, 4, 1867.12
1572599889, 500, 12, 27, 0, 0, 0.11%, 8, 0, 4, 1873.01
1572599894, 501, 16, 27, 0, 0, 0.11%, 8, 0, 4, 1872.85
1572599899, 502, 19, 27, 0, 0, 0.11%, 8, 0, 4, 1867.67
1572599904, 503, 19, 27, 0, 0, 0.11%, 8, 0, 4, 1842.76
1572599910, 504, 25, 27, 0, 0, 0.11%, 8, 0, 4, 1854.62
1572599915, 505, 26, 27, 0, 0, 0.11%, 8, 0, 4, 1847.60
1572599920, 506, 26, 27, 0, 0, 0.11%, 8, 0, 4, 1833.18
1572599925, 508, 1, 27, 0, 0, 0.11%, 8, 0, 4, 1856.39
1572599930, 509, 1, 27, 0, 0, 0.11%, 8, 0, 4, 1851.35
1572599935, 510, 8, 27, 0, 0, 0.11%, 8, 0, 4, 1855.58
1572599940, 511, 3, 27, 0, 0, 0.11%, 8, 0, 4, 1857.20
1572599945, 512, 3, 27, 0, 0, 0.11%, 8, 0, 4, 1838.55
1572599950, 513, 9, 27, 0, 0, 0.11%, 8, 0, 4, 1861.00
1572599955, 514, 10, 27, 0, 0, 0.11%, 8, 0, 4, 1866.07
1572599960, 515, 15, 27, 0, 0, 0.11%, 8, 0, 4, 1857.88
1572599965, 516, 16, 27, 0, 0, 0.11%, 8, 0, 4, 1852.15
1572599970, 517, 22, 27, 0, 0, 0.11%, 8, 0, 4, 1862.67
1572599975, 518, 25, 27, 0, 0, 0.11%, 8, 0, 4, 1860.20
1572599981, 519, 26, 27, 0, 0, 0.11%, 8, 0, 4, 1849.06
1572599986, 520, 26, 27, 0, 0, 0.11%, 8, 0, 4, 1859.18
1572599991, 521, 26, 27, 0, 0, 0.11%, 8, 0, 4, 1852.36
1572599996, 523, 3, 27, 0, 0, 0.11%, 8, 0, 4, 1844.97
1572600001, 524, 8, 27, 0, 0, 0.11%, 8, 0, 4, 1849.98
1572600006, 525, 10, 27, 0, 0, 0.11%, 8, 0, 4, 1850.77
1572600011, 526, 11, 27, 0, 0, 0.11%, 8, 0, 4, 1872.50
1572600016, 527, 15, 27, 0, 0, 0.11%, 8, 0, 4, 1871.02
1572600021, 528, 19, 27, 0, 0, 0.11%, 8, 0, 4, 1849.90
1572600027, 529, 22, 27, 0, 0, 0.11%, 8, 0, 4, 1852.89
1572600032, 530, 19, 27, 0, 0, 0.11%, 8, 0, 4, 1825.45
1572600037, 531, 19, 27, 0, 0, 0.11%, 8, 0, 4, 1797.03
1572600042, 532, 26, 27, 0, 0, 0.11%, 8, 0, 4, 1753.38
1572600047, 533, 19, 27, 0, 0, 0.11%, 8, 0, 4, 1611.38
1572600052, 534, 16, 27, 0, 0, 0.11%, 8, 0, 4, 1682.45
1572600057, 535, 19, 27, 0, 0, 0.11%, 8, 0, 4, 1750.64
1572600062, 536, 19, 27, 0, 0, 0.11%, 8, 0, 4, 1658.82
1572600067, 537, 12, 27, 0, 0, 0.11%, 8, 0, 4, 1476.39
1572600072, 538, 10, 27, 0, 0, 0.11%, 8, 0, 4, 1416.86
1572600077, 539, 4, 27, 0, 0, 0.11%, 8, 0, 4, 1450.81
1572600083, 539, 26, 27, 0, 0, 0.11%, 8, 0, 4, 1436.88
1572600088, 540, 26, 27, 0, 0, 0.11%, 8, 0, 4, 1607.69
1572600093, 541, 25, 27, 0, 0, 0.11%, 8, 0, 4, 1709.27
1572600098, 542, 26, 27, 0, 0, 0.11%, 8, 0, 4, 1730.10
1572600103, 543, 26, 27, 0, 0, 0.11%, 8, 0, 4, 1685.36
1572600108, 544, 26, 27, 0, 0, 0.11%, 8, 0, 4, 1714.26
1572600113, 545, 26, 27, 0, 0, 0.11%, 8, 0, 4, 1713.20
1572600118, 547, 1, 27, 0, 0, 0.11%, 8, 0, 4, 1746.54
1572600123, 547, 26, 27, 0, 0, 0.11%, 8, 0, 4, 1754.19
1572600129, 549, 0, 27, 0, 0, 0.11%, 8, 0, 4, 1769.31
1572600134, 549, 26, 27, 0, 0, 0.11%, 8, 0, 4, 1643.36
1572600139, 550, 26, 27, 0, 0, 0.11%, 8, 0, 4, 1692.55
1572600144, 551, 26, 27, 0, 0, 0.11%, 8, 0, 4, 1734.63
1572600149, 553, 3, 27, 0, 0, 0.11%, 8, 0, 4, 1778.69
1572600154, 554, 8, 27, 0, 0, 0.11%, 8, 0, 4, 1780.27
1572600160, 555, 10, 27, 0, 0, 0.11%, 8, 0, 4, 1773.59
1572600165, 556, 10, 27, 0, 0, 0.11%, 8, 0, 4, 1779.58
1572600170, 557, 11, 27, 0, 0, 0.11%, 8, 0, 4, 1762.82
1572600175, 558, 11, 27, 0, 0, 0.11%, 8, 0, 4, 1775.39
1572600180, 559, 11, 27, 0, 0, 0.11%, 8, 0, 4, 1717.10
1572600185, 560, 11, 27, 0, 0, 0.11%, 8, 0, 4, 1714.03
1572600190, 561, 12, 27, 0, 0, 0.11%, 8, 0, 4, 1753.11
1572600195, 562, 15, 27, 0, 0, 0.11%, 8, 0, 4, 1790.33
1572600200, 563, 15, 27, 0, 0, 0.11%, 8, 0, 4, 1789.39
1572600205, 564, 16, 27, 0, 0, 0.11%, 8, 0, 4, 1754.70
1572600210, 565, 16, 27, 0, 0, 0.11%, 8, 0, 4, 1771.03
1572600215, 566, 16, 27, 0, 0, 0.11%, 8, 0, 4, 1763.99
1572600220, 567, 17, 27, 0, 0, 0.11%, 8, 0, 4, 1769.34
1572600225, 568, 19, 27, 0, 0, 0.11%, 8, 0, 4, 1761.48
1572600231, 569, 19, 27, 0, 0, 0.11%, 8, 0, 4, 1763.48
1572600236, 570, 25, 27, 0, 0, 0.11%, 8, 0, 4, 1787.70
1572600241, 571, 25, 27, 0, 0, 0.11%, 8, 0, 4, 1752.03
1572600246, 572, 26, 27, 0, 0, 0.11%, 8, 0, 4, 1770.13
1572600251, 573, 26, 27, 0, 0, 0.11%, 8, 0, 4, 1762.76
1572600256, 575, 2, 27, 0, 0, 0.11%, 8, 0, 4, 1760.72
1572600261, 576, 2, 27, 0, 0, 0.11%, 8, 0, 4, 1773.00
1572600266, 577, 4, 27, 0, 0, 0.11%, 8, 0, 4, 1776.06
1572600271, 578, 1, 27, 0, 0, 0.11%, 8, 0, 4, 1762.77
1572600276, 579, 3, 27, 0, 0, 0.11%, 8, 0, 4, 1758.39
1572600281, 580, 1, 27, 0, 0, 0.11%, 8, 0, 4, 1750.70
1572600286, 581, 4, 27, 0, 0, 0.11%, 8, 0, 4, 1739.74
1572600291, 582, 4, 27, 0, 0, 0.11%, 8, 0, 4, 1755.74
1572600297, 583, 8, 27, 0, 0, 0.11%, 8, 0, 4, 1779.43
1572600302, 584, 11, 27, 0, 0, 0.11%, 8, 0, 4, 1757.13
1572600307, 585, 8, 27, 0, 0, 0.11%, 8, 0, 4, 1610.19
1572600312, 586, 10, 27, 0, 0, 0.11%, 8, 0, 4, 1726.02
1572600317, 587, 12, 27, 0, 0, 0.11%, 8, 0, 4, 1750.23
1572600322, 588, 11, 27, 0, 0, 0.11%, 8, 0, 4, 1755.95
1572600327, 589, 12, 27, 0, 0, 0.11%, 8, 0, 4, 1757.48
1572600332, 590, 12, 27, 0, 0, 0.11%, 8, 0, 4, 1754.66
1572600337, 591, 11, 27, 0, 0, 0.11%, 8, 0, 4, 1744.74
1572600343, 592, 9, 27, 0, 0, 0.11%, 8, 0, 4, 1729.20
1572600348, 593, 9, 27, 0, 0, 0.11%, 8, 0, 4, 1754.69
1572600353, 594, 8, 27, 0, 0, 0.11%, 8, 0, 4, 1758.58
1572600358, 595, 10, 27, 0, 0, 0.11%, 8, 0, 4, 1733.47
1572600363, 596, 9, 27, 0, 0, 0.11%, 8, 0, 4, 1761.88
1572600368, 597, 8, 27, 0, 0, 0.11%, 8, 0, 4, 1787.54
1572600373, 598, 10, 27, 0, 0, 0.11%, 8, 0, 4, 1786.53
1572600378, 599, 11, 27, 0, 0, 0.11%, 8, 0, 4, 1778.06
1572600383, 600, 15, 27, 0, 0, 0.11%, 8, 0, 4, 1763.66
1572600389, 601, 15, 27, 0, 0, 0.11%, 8, 0, 4, 1755.82
1572600394, 602, 16, 27, 0, 0, 0.11%, 8, 0, 4, 1753.91
1572600399, 603, 16, 27, 0, 0, 0.11%, 8, 0, 4, 1744.90
1572600404, 604, 16, 27, 0, 0, 0.11%, 8, 0, 4, 1749.89
1572600409, 605, 19, 27, 0, 0, 0.11%, 8, 0, 4, 1769.57
1572600414, 606, 25, 27, 0, 0, 0.11%, 8, 0, 4, 1740.33
1572600419, 607, 24, 27, 0, 0, 0.11%, 8, 0, 4, 1746.00
1572600424, 608, 16, 27, 0, 0, 0.11%, 8, 0, 4, 1731.83
1572600429, 609, 25, 27, 0, 0, 0.11%, 8, 0, 4, 1768.45
1572600434, 610, 18, 27, 0, 0, 0.11%, 8, 0, 4, 1720.17
1572600440, 611, 19, 27, 0, 0, 0.11%, 8, 0, 4, 1778.96
1572600445, 612, 25, 28, 1, 0, 0.12%, 8, 0, 4, 1840.16
1572600450, 613, 26, 28, 1, 0, 0.12%, 8, 0, 4, 1815.29
1572600455, 614, 26, 28, 1, 0, 0.12%, 8, 0, 4, 1786.59
1572600460, 616, 3, 28, 1, 0, 0.12%, 8, 0, 4, 1842.62
1572600465, 616, 27, 28, 1, 0, 0.12%, 8, 0, 4, 1812.73
1572600470, 617, 26, 28, 0, 0, 0.12%, 8, 0, 4, 1844.18
1572600475, 618, 26, 28, 0, 0, 0.12%, 8, 0, 4, 1841.18
1572600480, 620, 0, 28, 0, 0, 0.12%, 8, 0, 4, 1803.93
1572600485, 621, 1, 28, 0, 0, 0.12%, 8, 0, 4, 1785.85
1572600491, 622, 8, 28, 0, 0, 0.12%, 8, 0, 4, 1838.02
1572600496, 623, 10, 28, 0, 0, 0.12%, 8, 0, 4, 1861.21
1572600501, 624, 12, 28, 0, 0, 0.12%, 8, 0, 4, 1863.16
1572600506, 625, 13, 28, 0, 0, 0.12%, 8, 0, 4, 1851.47
1572600511, 626, 15, 28, 0, 0, 0.12%, 8, 0, 4, 1846.81
1572600516, 627, 16, 28, 0, 0, 0.12%, 8, 0, 4, 1824.19
1572600521, 628, 25, 28, 0, 0, 0.12%, 8, 0, 4, 1824.27
1572600527, 629, 25, 28, 0, 0, 0.12%, 8, 0, 4, 1802.77
1572600532, 630, 19, 28, 0, 0, 0.12%, 8, 0, 4, 1726.28
1572600537, 631, 25, 28, 0, 0, 0.12%, 8, 0, 4, 1819.22
1572600542, 632, 25, 28, 0, 0, 0.12%, 8, 0, 4, 1752.70
1572600547, 633, 26, 28, 0, 0, 0.12%, 8, 0, 4, 1841.73
1572600552, 634, 25, 28, 0, 0, 0.12%, 8, 0, 4, 1814.05
1572600557, 635, 26, 28, 0, 0, 0.12%, 8, 0, 4, 1828.21
1572600563, 637, 3, 28, 0, 0, 0.12%, 8, 0, 4, 1850.24
1572600568, 637, 27, 28, 0, 0, 0.12%, 8, 0, 4, 1835.22
1572600573, 638, 19, 28, 0, 0, 0.12%, 8, 0, 4, 1833.19
1572600578, 639, 25, 28, 0, 0, 0.12%, 8, 0, 4, 1850.02
1572600583, 640, 26, 28, 0, 0, 0.12%, 8, 0, 4, 1834.66
1572600588, 641, 26, 28, 0, 0, 0.12%, 8, 0, 4, 1804.81
1572600593, 643, 3, 28, 0, 0, 0.12%, 8, 0, 4, 1848.71
1572600598, 644, 4, 28, 0, 0, 0.12%, 8, 0, 4, 1840.67
1572600603, 645, 10, 28, 0, 0, 0.12%, 8, 0, 4, 1853.57
1572600609, 646, 8, 28, 0, 0, 0.12%, 8, 0, 4, 1838.95
1572600614, 647, 10, 28, 0, 0, 0.12%, 8, 0, 4, 1844.08
1572600619, 648, 12, 28, 0, 0, 0.12%, 8, 0, 4, 1858.00
1572600624, 649, 15, 28, 0, 0, 0.12%, 8, 0, 4, 1859.17
1572600629, 650, 13, 28, 0, 0, 0.12%, 8, 0, 4, 1840.99
1572600634, 651, 12, 28, 0, 0, 0.12%, 8, 0, 4, 1841.85
1572600639, 652, 16, 28, 0, 0, 0.12%, 8, 0, 4, 1858.70
1572600644, 653, 17, 28, 0, 0, 0.12%, 8, 0, 4, 1845.45
1572600649, 654, 16, 28, 0, 0, 0.12%, 8, 0, 4, 1843.19
1572600654, 655, 16, 28, 0, 0, 0.12%, 8, 0, 4, 1838.99
1572600660, 656, 17, 28, 0, 0, 0.12%, 8, 0, 4, 1848.44
1572600665, 657, 19, 28, 0, 0, 0.12%, 8, 0, 4, 1853.95
1572600670, 658, 19, 28, 0, 0, 0.12%, 8, 0, 4, 1819.74
1572600675, 659, 20, 28, 0, 0, 0.12%, 8, 0, 4, 1837.37
1572600680, 660, 23, 28, 0, 0, 0.12%, 8, 0, 4, 1868.40
1572600685, 661, 25, 28, 0, 0, 0.12%, 8, 0, 4, 1839.59
1572600690, 662, 26, 28, 0, 0, 0.12%, 8, 0, 4, 1819.10
1572600695, 663, 26, 28, 0, 0, 0.12%, 8, 0, 4, 1843.02
1572600700, 664, 26, 28, 0, 0, 0.12%, 8, 0, 4, 1772.51
1572600705, 665, 26, 28, 0, 0, 0.12%, 8, 0, 4, 1826.92
1572600711, 667, 3, 28, 0, 0, 0.12%, 8, 0, 4, 1869.38
1572600716, 668, 8, 28, 0, 0, 0.12%, 8, 0, 4, 1859.37
1572600721, 669, 9, 28, 0, 0, 0.12%, 8, 0, 4, 1837.67
1572600726, 670, 12, 28, 0, 0, 0.12%, 8, 0, 4, 1865.52
1572600731, 671, 16, 28, 0, 0, 0.12%, 8, 0, 4, 1837.28
1572600737, 672, 19, 28, 0, 0, 0.12%, 8, 0, 4, 1819.45
1572600742, 673, 25, 28, 0, 0, 0.12%, 8, 0, 4, 1844.88
1572600747, 674, 25, 28, 0, 0, 0.12%, 8, 0, 4, 1838.68
1572600752, 675, 26, 28, 0, 0, 0.12%, 8, 0, 4, 1822.40
1572600757, 677, 1, 28, 0, 0, 0.12%, 8, 0, 4, 1839.89
1572600762, 678, 3, 28, 0, 0, 0.12%, 8, 0, 4, 1842.52
1572600767, 678, 26, 28, 0, 0, 0.12%, 8, 0, 4, 1846.10
1572600772, 680, 3, 28, 0, 0, 0.12%, 8, 0, 4, 1869.52
1572600777, 681, 4, 28, 0, 0, 0.12%, 8, 0, 4, 1853.10
1572600782, 682, 9, 28, 0, 0, 0.12%, 8, 0, 4, 1852.49
1572600787, 683, 9, 28, 0, 0, 0.12%, 8, 0, 4, 1852.44
1572600793, 684, 12, 28, 0, 0, 0.12%, 8, 0, 4, 1866.33
1572600798, 685, 12, 28, 0, 0, 0.12%, 8, 0, 4, 1844.47
1572600803, 686, 12, 28, 0, 0, 0.12%, 8, 0, 4, 1864.31
1572600808, 687, 15, 28, 0, 0, 0.12%, 8, 0, 4, 1848.04
1572600813, 688, 19, 28, 0, 0, 0.12%, 8, 0, 4, 1848.60
1572600818, 689, 19, 28, 0, 0, 0.12%, 8, 0, 4, 1832.31
1572600823, 690, 26, 28, 0, 0, 0.12%, 8, 0, 4, 1870.76
1572600829, 691, 16, 28, 0, 0, 0.12%, 8, 0, 4, 1865.81
1572600834, 692, 19, 28, 0, 0, 0.12%, 8, 0, 4, 1851.50
1572600839, 693, 25, 28, 0, 0, 0.12%, 8, 0, 4, 1862.46
1572600844, 694, 26, 28, 0, 0, 0.12%, 8, 0, 4, 1862.82
1572600849, 696, 0, 28, 0, 0, 0.12%, 8, 0, 4, 1839.99
1572600854, 696, 26, 28, 0, 0, 0.12%, 8, 0, 4, 1854.16
1572600859, 698, 2, 28, 0, 0, 0.12%, 8, 0, 4, 1850.32
1572600864, 699, 4, 28, 0, 0, 0.12%, 8, 0, 4, 1848.49
1572600869, 700, 9, 28, 0, 0, 0.12%, 8, 0, 4, 1832.56
1572600874, 701, 11, 28, 0, 0, 0.12%, 8, 0, 4, 1785.21
1572600879, 702, 11, 28, 0, 0, 0.12%, 8, 0, 4, 1797.96
1572600884, 703, 15, 28, 0, 0, 0.12%, 8, 0, 4, 1815.45
1572600889, 704, 16, 28, 0, 0, 0.12%, 8, 0, 4, 1848.72
1572600894, 705, 16, 28, 0, 0, 0.12%, 8, 0, 4, 1843.53
1572600900, 706, 25, 28, 0, 0, 0.12%, 8, 0, 4, 1849.82
1572600905, 707, 25, 28, 0, 0, 0.12%, 8, 0, 4, 1843.22
1572600910, 708, 12, 28, 0, 0, 0.12%, 8, 0, 4, 1837.96
1572600915, 709, 16, 28, 0, 0, 0.12%, 8, 0, 4, 1833.40
1572600920, 710, 19, 28, 0, 0, 0.12%, 8, 0, 4, 1835.92
1572600925, 711, 25, 28, 0, 0, 0.12%, 8, 0, 4, 1844.95
1572600930, 712, 26, 28, 0, 0, 0.12%, 8, 0, 4, 1850.13
1572600936, 713, 25, 28, 0, 0, 0.12%, 8, 0, 4, 1841.80
1572600941, 714, 25, 28, 0, 0, 0.12%, 8, 0, 4, 1750.34
1572600946, 715, 26, 28, 0, 0, 0.12%, 8, 0, 4, 1834.97
1572600951, 717, 0, 28, 0, 0, 0.12%, 8, 0, 4, 1846.00
1572600956, 717, 26, 28, 0, 0, 0.12%, 8, 0, 4, 1849.04
1572600961, 719, 0, 28, 0, 0, 0.12%, 8, 0, 4, 1859.47
1572600966, 720, 8, 28, 0, 0, 0.12%, 8, 0, 4, 1869.06
1572600972, 721, 4, 28, 0, 0, 0.12%, 8, 0, 4, 1844.69
1572600977, 722, 10, 28, 0, 0, 0.12%, 8, 0, 4, 1865.76
1572600982, 723, 11, 28, 0, 0, 0.12%, 8, 0, 4, 1862.61
1572600987, 723, 27, 28, 0, 0, 0.12%, 8, 0, 4, 1837.06
1572600992, 725, 0, 28, 0, 0, 0.12%, 8, 0, 4, 1845.31
1572600997, 726, 4, 28, 0, 0, 0.12%, 8, 0, 4, 1854.96
1572601002, 727, 9, 28, 0, 0, 0.12%, 8, 0, 4, 1849.93
1572601007, 728, 10, 28, 0, 0, 0.12%, 8, 0, 4, 1832.96
1572601012, 729, 12, 28, 0, 0, 0.12%, 8, 0, 4, 1843.13
1572601017, 730, 15, 28, 0, 0, 0.12%, 8, 0, 4, 1838.17
1572601022, 731, 16, 28, 0, 0, 0.12%, 8, 0, 4, 1842.26
1572601028, 732, 16, 28, 0, 0, 0.12%, 8, 0, 4, 1829.50
1572601033, 733, 19, 28, 0, 0, 0.12%, 8, 0, 4, 1862.70
1572601038, 734, 17, 28, 0, 0, 0.12%, 8, 0, 4, 1848.68
1572601043, 735, 19, 28, 0, 0, 0.12%, 8, 0, 4, 1852.85
1572601048, 736, 25, 28, 0, 0, 0.12%, 8, 0, 4, 1857.81
1572601053, 737, 25, 28, 0, 0, 0.12%, 8, 0, 4, 1827.84
1572601058, 738, 26, 28, 0, 0, 0.12%, 8, 0, 4, 1843.80
1572601063, 740, 1, 28, 0, 0, 0.12%, 8, 0, 4, 1850.64
1572601068, 741, 3, 28, 0, 0, 0.12%, 8, 0, 4, 1853.36
1572601073, 742, 8, 28, 0, 0, 0.12%, 8, 0, 4, 1864.45
1572601078, 743, 11, 28, 0, 0, 0.12%, 8, 0, 4, 1861.40
1572601084, 744, 11, 28, 0, 0, 0.12%, 8, 0, 4, 1841.63
1572601089, 745, 15, 28, 0, 0, 0.12%, 8, 0, 4, 1845.70
1572601094, 746, 16, 28, 0, 0, 0.12%, 8, 0, 4, 1853.96
1572601099, 747, 19, 28, 0, 0, 0.12%, 8, 0, 4, 1843.36
1572601104, 748, 25, 28, 0, 0, 0.12%, 8, 0, 4, 1850.39
1572601109, 749, 26, 28, 0, 0, 0.12%, 8, 0, 4, 1858.94
1572601114, 751, 2, 28, 0, 0, 0.12%, 8, 0, 4, 1860.81
1572601120, 752, 9, 28, 0, 0, 0.12%, 8, 0, 4, 1865.83
1572601125, 752, 27, 28, 0, 0, 0.12%, 8, 0, 4, 1838.56
1572601130, 754, 1, 28, 0, 0, 0.12%, 8, 0, 4, 1837.84
1572601135, 755, 4, 28, 0, 0, 0.12%, 8, 0, 4, 1847.99
1572601140, 756, 9, 28, 0, 0, 0.12%, 8, 0, 4, 1846.67
1572601145, 757, 11, 28, 0, 0, 0.12%, 8, 0, 4, 1848.64
1572601151, 758, 12, 28, 0, 0, 0.12%, 8, 0, 4, 1849.90
1572601156, 759, 15, 28, 0, 0, 0.12%, 8, 0, 4, 1850.82
1572601161, 760, 16, 28, 0, 0, 0.12%, 8, 0, 4, 1852.44
1572601166, 761, 9, 28, 0, 0, 0.12%, 8, 0, 4, 1853.20
1572601171, 762, 11, 28, 0, 0, 0.12%, 8, 0, 4, 1837.11
1572601176, 763, 12, 28, 0, 0, 0.12%, 8, 0, 4, 1835.57
1572601181, 764, 15, 28, 0, 0, 0.12%, 8, 0, 4, 1850.12
1572601186, 765, 19, 28, 0, 0, 0.12%, 8, 0, 4, 1857.44
1572601191, 766, 25, 28, 0, 0, 0.12%, 8, 0, 4, 1840.87
1572601197, 767, 26, 28, 0, 0, 0.12%, 8, 0, 4, 1846.67
1572601202, 768, 26, 28, 0, 0, 0.12%, 8, 0, 4, 1842.91
1572601207, 769, 26, 28, 0, 0, 0.12%, 8, 0, 4, 1162.83
1572601212, 770, 26, 28, 0, 0, 0.12%, 8, 0, 4, 1514.47
1572601217, 771, 12, 28, 0, 0, 0.12%, 8, 0, 4, 1669.77
1572601222, 772, 12, 28, 0, 0, 0.12%, 8, 0, 4, 1761.03
1572601227, 773, 9, 28, 0, 0, 0.12%, 8, 0, 4, 1503.92
1572601232, 774, 11, 28, 0, 0, 0.12%, 8, 0, 4, 1711.79
