# unix_time, cycles_done, cur_path, paths_total, pending_total, pending_favs, map_size, unique_crashes, unique_hangs, max_depth, execs_per_sec
1572611254, 0, 0, 1, 1, 1, 0.01%, 0, 0, 1, 320.00
1572611259, 4, 1, 2, 1, 1, 0.01%, 0, 0, 2, 531.98
1572611269, 6, 1, 2, 0, 0, 0.01%, 0, 0, 2, 648.78
1572611274, 12, 0, 2, 0, 0, 0.01%, 0, 0, 2, 668.11
1572611279, 18, 0, 2, 0, 0, 0.01%, 0, 0, 2, 656.85
1572611284, 23, 1, 2, 0, 0, 0.01%, 0, 0, 2, 660.37
1572611290, 29, 1, 2, 0, 0, 0.01%, 0, 0, 2, 650.74
1572611295, 35, 1, 2, 0, 0, 0.01%, 0, 0, 2, 636.48
1572611300, 41, 1, 2, 0, 0, 0.01%, 0, 0, 2, 647.83
1572611305, 41, 2, 3, 1, 1, 0.02%, 0, 0, 3, 634.63
1572611310, 42, 2, 3, 0, 0, 0.02%, 0, 0, 3, 618.75
1572611315, 43, 3, 5, 2, 1, 0.03%, 0, 0, 5, 692.22
1572611330, 43, 4, 5, 1, 1, 0.03%, 0, 0, 5, 668.15
1572611335, 43, 4, 5, 1, 1, 0.03%, 1, 0, 5, 671.15
1572611351, 44, 3, 5, 0, 0, 0.03%, 1, 0, 5, 664.64
1572611356, 44, 4, 5, 0, 0, 0.03%, 1, 0, 5, 697.19
1572611361, 45, 3, 5, 0, 0, 0.03%, 1, 0, 5, 650.41
1572611366, 46, 0, 5, 0, 0, 0.03%, 1, 0, 5, 664.71
1572611371, 46, 3, 5, 0, 0, 0.03%, 1, 0, 5, 665.70
1572611376, 47, 1, 5, 0, 0, 0.03%, 1, 0, 5, 664.54
1572611381, 47, 3, 5, 0, 0, 0.03%, 1, 0, 5, 59.58
1572611387, 48, 1, 5, 0, 0, 0.03%, 1, 0, 5, 688.98
1572611392, 48, 4, 5, 0, 0, 0.03%, 1, 0, 5, 682.44
1572611397, 49, 2, 5, 0, 0, 0.03%, 1, 0, 5, 669.92
1572611402, 49, 4, 5, 0, 0, 0.03%, 1, 0, 5, 676.18
1572611407, 50, 2, 5, 0, 0, 0.03%, 1, 0, 5, 682.22
1572611412, 50, 4, 5, 0, 0, 0.03%, 1, 0, 5, 682.36
1572611417, 51, 3, 5, 0, 0, 0.03%, 1, 0, 5, 690.23
1572611422, 51, 4, 5, 0, 0, 0.03%, 1, 0, 5, 696.06
1572611427, 52, 3, 5, 0, 0, 0.03%, 1, 0, 5, 685.79
1572611433, 53, 1, 5, 0, 0, 0.03%, 1, 0, 5, 669.38
1572611438, 54, 1, 5, 0, 0, 0.03%, 1, 0, 5, 655.67
1572611443, 55, 2, 5, 0, 0, 0.03%, 1, 0, 5, 666.57
1572611448, 56, 3, 5, 0, 0, 0.03%, 1, 0, 5, 666.63
1572611453, 58, 1, 5, 0, 0, 0.03%, 1, 0, 5, 659.80
1572611458, 59, 4, 5, 0, 0, 0.03%, 1, 0, 5, 646.02
1572611463, 61, 3, 5, 0, 0, 0.03%, 1, 0, 5, 660.19
1572611468, 63, 2, 5, 0, 0, 0.03%, 1, 0, 5, 659.51
1572611473, 64, 4, 5, 0, 0, 0.03%, 1, 0, 5, 643.67
1572611478, 66, 4, 5, 0, 0, 0.03%, 1, 0, 5, 671.01
1572611483, 68, 3, 5, 0, 0, 0.03%, 1, 0, 5, 671.15
1572611488, 70, 2, 5, 0, 0, 0.03%, 1, 0, 5, 665.61
1572611493, 71, 4, 5, 0, 0, 0.03%, 1, 0, 5, 674.44
1572611498, 73, 4, 5, 0, 0, 0.03%, 1, 0, 5, 660.59
1572611503, 75, 3, 5, 0, 0, 0.03%, 1, 0, 5, 668.71
1572611508, 77, 1, 5, 0, 0, 0.03%, 1, 0, 5, 652.79
1572611513, 78, 4, 5, 0, 0, 0.03%, 1, 0, 5, 670.86
1572611518, 80, 4, 5, 0, 0, 0.03%, 1, 0, 5, 661.51
1572611523, 82, 3, 5, 0, 0, 0.03%, 1, 0, 5, 644.41
1572611528, 84, 1, 5, 0, 0, 0.03%, 1, 0, 5, 678.21
1572611533, 85, 4, 5, 0, 0, 0.03%, 1, 0, 5, 686.15
1572611538, 87, 4, 5, 0, 0, 0.03%, 1, 0, 5, 680.17
1572611544, 89, 3, 5, 0, 0, 0.03%, 1, 0, 5, 678.25
1572611549, 91, 3, 5, 0, 0, 0.03%, 1, 0, 5, 668.09
1572611554, 93, 1, 5, 0, 0, 0.03%, 1, 0, 5, 660.75
1572611559, 94, 4, 5, 0, 0, 0.03%, 1, 0, 5, 651.67
1572611564, 96, 3, 5, 0, 0, 0.03%, 1, 0, 5, 670.04
1572611569, 98, 3, 5, 0, 0, 0.03%, 1, 0, 5, 667.15
1572611574, 100, 1, 5, 0, 0, 0.03%, 1, 0, 5, 655.81
1572611579, 101, 4, 5, 0, 0, 0.03%, 1, 0, 5, 653.56
1572611584, 103, 3, 5, 0, 0, 0.03%, 1, 0, 5, 665.26
1572611589, 105, 2, 5, 0, 0, 0.03%, 1, 0, 5, 650.48
1572611594, 107, 1, 5, 0, 0, 0.03%, 1, 0, 5, 678.71
1572611599, 108, 4, 5, 0, 0, 0.03%, 1, 0, 5, 686.09
1572611604, 110, 3, 5, 0, 0, 0.03%, 1, 0, 5, 607.36
1572611609, 111, 4, 5, 0, 0, 0.03%, 1, 0, 5, 561.25
1572611614, 113, 4, 5, 0, 0, 0.03%, 1, 0, 5, 625.42
1572611620, 115, 1, 5, 0, 0, 0.03%, 1, 0, 5, 593.31
1572611625, 116, 3, 5, 0, 0, 0.03%, 1, 0, 5, 511.34
1572611630, 117, 4, 5, 0, 0, 0.03%, 1, 0, 5, 463.20
1572611635, 119, 1, 5, 0, 0, 0.03%, 1, 0, 5, 533.79
1572611640, 120, 0, 5, 0, 0, 0.03%, 1, 0, 5, 562.77
1572611645, 121, 4, 5, 0, 0, 0.03%, 1, 0, 5, 612.02
1572611650, 121, 5, 20, 15, 1, 0.09%, 1, 0, 7, 597.19
1572611655, 121, 5, 21, 16, 1, 0.09%, 2, 0, 7, 687.01
1572611671, 121, 5, 22, 17, 1, 0.09%, 2, 0, 7, 775.15
1572611681, 121, 5, 23, 18, 1, 0.09%, 2, 0, 7, 725.99
1572611686, 121, 6, 23, 17, 10, 0.09%, 2, 0, 7, 714.50
1572611696, 121, 8, 23, 16, 9, 0.09%, 2, 0, 7, 786.92
1572611717, 121, 9, 23, 15, 8, 0.09%, 2, 0, 7, 680.90
1572611732, 121, 11, 23, 14, 7, 0.09%, 2, 0, 7, 884.03
1572611747, 121, 11, 24, 15, 7, 0.10%, 2, 0, 8, 671.96
1572611767, 121, 14, 24, 14, 7, 0.10%, 2, 0, 8, 745.24
1572611788, 121, 15, 25, 14, 6, 0.11%, 2, 0, 8, 720.76
1572611808, 121, 16, 25, 13, 6, 0.11%, 2, 0, 8, 708.59
1572611818, 121, 19, 25, 12, 5, 0.11%, 2, 0, 8, 104.09
1572611833, 121, 21, 25, 11, 4, 0.11%, 2, 0, 8, 638.64
1572611843, 121, 22, 25, 10, 3, 0.11%, 2, 0, 8, 646.38
1572611859, 121, 23, 25, 9, 2, 0.11%, 2, 0, 8, 660.67
1572611889, 121, 24, 25, 8, 1, 0.11%, 2, 0, 8, 702.15
1572611910, 122, 8, 25, 7, 0, 0.11%, 2, 0, 8, 684.22
1572611915, 122, 9, 25, 7, 0, 0.11%, 2, 0, 8, 689.17
1572611920, 122, 12, 25, 7, 0, 0.11%, 2, 0, 8, 619.22
1572611935, 122, 14, 25, 6, 0, 0.11%, 2, 0, 8, 519.62
1572611940, 122, 15, 25, 6, 0, 0.11%, 2, 0, 8, 519.03
1572611945, 122, 18, 25, 6, 0, 0.11%, 2, 0, 8, 692.74
1572611965, 122, 21, 25, 5, 0, 0.11%, 2, 0, 8, 661.34
1572611970, 122, 22, 25, 5, 0, 0.11%, 2, 0, 8, 666.48
1572611975, 122, 23, 25, 5, 0, 0.11%, 2, 0, 8, 549.38
1572611980, 122, 23, 26, 6, 0, 0.11%, 2, 0, 9, 561.24
1572611986, 122, 25, 26, 6, 1, 0.11%, 2, 0, 9, 120.01
1572612006, 123, 8, 26, 5, 0, 0.11%, 2, 0, 9, 632.56
1572612011, 123, 9, 26, 5, 0, 0.11%, 2, 0, 9, 623.45
1572612016, 123, 14, 26, 5, 0, 0.11%, 2, 0, 9, 651.74
1572612021, 123, 15, 26, 5, 0, 0.11%, 2, 0, 9, 680.90
1572612026, 123, 21, 26, 5, 0, 0.11%, 2, 0, 9, 659.60
1572612031, 123, 22, 26, 5, 0, 0.11%, 2, 0, 9, 698.87
1572612036, 123, 23, 26, 5, 0, 0.11%, 2, 0, 9, 738.81
1572612046, 123, 24, 26, 5, 0, 0.11%, 2, 0, 9, 670.90
1572612051, 123, 25, 26, 5, 0, 0.11%, 2, 0, 9, 608.32
1572612057, 124, 7, 26, 5, 0, 0.11%, 2, 0, 9, 707.33
1572612072, 124, 9, 26, 4, 0, 0.11%, 2, 0, 9, 1100.93
1572612786, 124, 14, 26, 4, 0, 0.11%, 2, 0, 9, 0.29
1572612791, 124, 16, 26, 4, 0, 0.11%, 2, 0, 9, 982.60
1572612796, 124, 20, 26, 4, 0, 0.11%, 2, 0, 9, 1048.36
1572612801, 124, 20, 26, 4, 0, 0.11%, 3, 0, 9, 1113.79
1572612811, 124, 23, 26, 3, 0, 0.11%, 3, 0, 9, 1056.50
1572612821, 125, 6, 26, 3, 0, 0.11%, 3, 0, 9, 1532.57
1572612826, 125, 13, 26, 3, 0, 0.11%, 3, 0, 9, 1681.48
1572612836, 125, 15, 26, 2, 0, 0.11%, 3, 0, 9, 1228.18
1572612841, 125, 17, 26, 2, 0, 0.11%, 3, 0, 9, 1105.00
1572612851, 125, 20, 26, 1, 0, 0.11%, 3, 0, 9, 1034.37
1572612857, 125, 23, 26, 1, 0, 0.11%, 3, 0, 9, 1131.16
1572612862, 125, 24, 26, 1, 0, 0.11%, 3, 0, 9, 1038.76
1572612867, 126, 8, 26, 1, 0, 0.11%, 3, 0, 9, 946.55
1572612872, 126, 9, 26, 1, 0, 0.11%, 3, 0, 9, 962.62
1572612877, 126, 15, 26, 1, 0, 0.11%, 3, 0, 9, 1020.22
1572612882, 126, 20, 26, 1, 0, 0.11%, 3, 0, 9, 780.76
1572612892, 126, 22, 26, 1, 0, 0.11%, 3, 0, 9, 651.19
1572612897, 126, 23, 26, 1, 0, 0.11%, 3, 0, 9, 670.17
1572612902, 126, 24, 26, 1, 0, 0.11%, 3, 0, 9, 642.58
1572612907, 126, 25, 26, 1, 0, 0.11%, 3, 0, 9, 649.70
1572612912, 126, 26, 27, 2, 0, 0.11%, 3, 0, 10, 404.81
1572612918, 126, 26, 28, 3, 0, 0.11%, 3, 0, 11, 253.22
1572612943, 127, 8, 28, 2, 0, 0.11%, 3, 0, 11, 621.70
1572612948, 127, 14, 28, 2, 0, 0.11%, 3, 0, 11, 645.60
1572612958, 127, 15, 28, 2, 0, 0.11%, 3, 0, 11, 672.33
1572612963, 127, 20, 28, 2, 0, 0.11%, 3, 0, 11, 665.36
1572612973, 127, 22, 28, 2, 0, 0.11%, 3, 0, 11, 628.88
1572612979, 127, 23, 28, 2, 0, 0.11%, 3, 0, 11, 599.04
1572612989, 127, 24, 28, 2, 0, 0.11%, 3, 0, 11, 636.76
1572612994, 127, 25, 28, 2, 0, 0.11%, 3, 0, 11, 596.80
1572612999, 128, 8, 28, 2, 0, 0.11%, 3, 0, 11, 605.17
1572613004, 128, 9, 28, 2, 0, 0.11%, 3, 0, 11, 634.85
1572613009, 128, 11, 28, 2, 0, 0.11%, 3, 0, 11, 633.19
1572613014, 128, 14, 28, 2, 0, 0.11%, 3, 0, 11, 641.03
1572613019, 128, 15, 28, 2, 0, 0.11%, 3, 0, 11, 649.16
1572613024, 128, 16, 28, 2, 0, 0.11%, 3, 0, 11, 662.54
1572613029, 128, 20, 28, 2, 0, 0.11%, 3, 0, 11, 681.79
1572613034, 128, 22, 28, 2, 0, 0.11%, 3, 0, 11, 714.09
1572613039, 128, 23, 28, 2, 0, 0.11%, 3, 0, 11, 690.36
1572613049, 128, 24, 28, 2, 0, 0.11%, 3, 0, 11, 651.00
1572613055, 128, 25, 28, 2, 0, 0.11%, 3, 0, 11, 648.30
1572613060, 129, 8, 28, 2, 0, 0.11%, 3, 0, 11, 646.15
1572613065, 129, 9, 28, 2, 0, 0.11%, 3, 0, 11, 647.11
1572613070, 129, 14, 28, 2, 0, 0.11%, 3, 0, 11, 661.37
1572613075, 129, 15, 28, 2, 0, 0.11%, 3, 0, 11, 653.08
1572613085, 129, 20, 28, 2, 0, 0.11%, 3, 0, 11, 653.15
1572613095, 129, 23, 28, 2, 0, 0.11%, 3, 0, 11, 688.07
1572613110, 129, 24, 28, 2, 0, 0.11%, 3, 0, 11, 639.87
1572613115, 129, 25, 28, 2, 0, 0.11%, 3, 0, 11, 667.92
1572613120, 130, 5, 28, 2, 0, 0.11%, 3, 0, 11, 691.48
1572613125, 130, 9, 28, 2, 0, 0.11%, 3, 0, 11, 709.87
1572613131, 130, 11, 28, 2, 0, 0.11%, 3, 0, 11, 700.92
1572613136, 130, 14, 28, 2, 0, 0.11%, 3, 0, 11, 682.49
1572613141, 130, 15, 28, 2, 0, 0.11%, 3, 0, 11, 682.59
1572613146, 130, 16, 28, 2, 0, 0.11%, 3, 0, 11, 664.36
1572613151, 130, 20, 28, 2, 0, 0.11%, 3, 0, 11, 672.56
1572613156, 130, 22, 28, 2, 0, 0.11%, 3, 0, 11, 633.07
1572613161, 130, 23, 28, 2, 0, 0.11%, 3, 0, 11, 640.89
1572613171, 130, 24, 28, 2, 0, 0.11%, 3, 0, 11, 616.42
1572613176, 130, 25, 28, 2, 0, 0.11%, 3, 0, 11, 663.40
1572613181, 131, 4, 28, 2, 0, 0.11%, 3, 0, 11, 679.11
1572613186, 131, 7, 28, 2, 0, 0.11%, 3, 0, 11, 684.66
1572613191, 131, 9, 28, 2, 0, 0.11%, 3, 0, 11, 676.67
1572613196, 131, 14, 28, 2, 0, 0.11%, 3, 0, 11, 687.64
1572613201, 131, 15, 28, 2, 0, 0.11%, 3, 0, 11, 687.45
1572613206, 131, 16, 28, 2, 0, 0.11%, 3, 0, 11, 690.18
1572613211, 131, 20, 28, 2, 0, 0.11%, 3, 0, 11, 688.01
1572613216, 131, 22, 28, 2, 0, 0.11%, 3, 0, 11, 676.45
1572613221, 131, 23, 28, 2, 0, 0.11%, 3, 0, 11, 653.61
1572613232, 131, 24, 28, 2, 0, 0.11%, 3, 0, 11, 579.34
1572613237, 131, 25, 28, 2, 0, 0.11%, 3, 0, 11, 559.01
1572613242, 132, 4, 28, 2, 0, 0.11%, 3, 0, 11, 604.06
1572613247, 132, 9, 28, 2, 0, 0.11%, 3, 0, 11, 671.85
1572613252, 132, 14, 28, 2, 0, 0.11%, 3, 0, 11, 668.37
1572613257, 132, 15, 28, 2, 0, 0.11%, 3, 0, 11, 669.89
1572613262, 132, 16, 28, 2, 0, 0.11%, 3, 0, 11, 605.73
1572613267, 132, 20, 28, 2, 0, 0.11%, 3, 0, 11, 653.75
1572613272, 132, 22, 28, 2, 0, 0.11%, 3, 0, 11, 632.49
1572613277, 132, 23, 28, 2, 0, 0.11%, 3, 0, 11, 626.70
1572613292, 132, 24, 28, 2, 0, 0.11%, 3, 0, 11, 497.33
1572613297, 132, 25, 28, 2, 0, 0.11%, 3, 0, 11, 504.48
1572613302, 133, 8, 28, 2, 0, 0.11%, 3, 0, 11, 591.29
1572613307, 133, 9, 28, 2, 0, 0.11%, 3, 0, 11, 639.04
1572613312, 133, 10, 28, 2, 0, 0.11%, 3, 0, 11, 663.89
1572613332, 133, 14, 28, 1, 0, 0.11%, 3, 0, 11, 669.02
1572613338, 133, 15, 28, 1, 0, 0.11%, 3, 0, 11, 674.43
1572613343, 133, 16, 28, 1, 0, 0.11%, 3, 0, 11, 646.38
1572613348, 133, 20, 28, 1, 0, 0.11%, 3, 0, 11, 642.47
1572613353, 133, 22, 28, 1, 0, 0.11%, 3, 0, 11, 630.56
1572613358, 133, 23, 28, 1, 0, 0.11%, 3, 0, 11, 591.73
1572613368, 133, 24, 28, 1, 0, 0.11%, 3, 0, 11, 640.80
1572613373, 133, 25, 28, 1, 0, 0.11%, 3, 0, 11, 560.22
1572613378, 134, 4, 28, 1, 0, 0.11%, 3, 0, 11, 628.18
1572613383, 134, 9, 28, 1, 0, 0.11%, 3, 0, 11, 676.64
1572613388, 134, 14, 28, 1, 0, 0.11%, 3, 0, 11, 695.87
1572613393, 134, 15, 28, 1, 0, 0.11%, 3, 0, 11, 678.60
1572613398, 134, 16, 28, 1, 0, 0.11%, 3, 0, 11, 548.86
1572613403, 134, 20, 28, 1, 0, 0.11%, 3, 0, 11, 546.57
1572613414, 134, 22, 28, 1, 0, 0.11%, 3, 0, 11, 557.69
1572613419, 134, 23, 28, 1, 0, 0.11%, 3, 0, 11, 649.47
1572613429, 134, 24, 28, 1, 0, 0.11%, 3, 0, 11, 588.86
