# unix_time, cycles_done, cur_path, paths_total, pending_total, pending_favs, map_size, unique_crashes, unique_hangs, max_depth, execs_per_sec
1572009016, 0, 0, 2, 2, 1, 0.01%, 0, 0, 1, 888.89
1572009021, 11, 1, 2, 0, 0, 0.01%, 2, 0, 1, 3173.44
1572009026, 24, 1, 2, 0, 0, 0.01%, 2, 0, 1, 3694.42
1572009032, 38, 0, 2, 0, 0, 0.01%, 2, 0, 1, 3800.37
1572009037, 51, 1, 2, 0, 0, 0.01%, 2, 0, 1, 3837.45
1572009042, 65, 0, 2, 0, 0, 0.01%, 2, 0, 1, 3816.59
1572009047, 77, 1, 2, 0, 0, 0.01%, 2, 0, 1, 3662.90
1572009052, 89, 1, 2, 0, 0, 0.01%, 2, 0, 1, 3601.38
1572009057, 102, 0, 2, 0, 0, 0.01%, 2, 0, 1, 3668.80
1572009062, 115, 1, 2, 0, 0, 0.01%, 2, 0, 1, 3759.13
1572009068, 128, 1, 2, 0, 0, 0.01%, 2, 0, 1, 3794.16
1572009073, 140, 1, 2, 0, 0, 0.01%, 2, 0, 1, 3528.91
1572009078, 153, 1, 2, 0, 0, 0.01%, 2, 0, 1, 3693.22
1572009083, 166, 0, 2, 0, 0, 0.01%, 2, 0, 1, 3537.67
1572009088, 179, 0, 2, 0, 0, 0.01%, 2, 0, 1, 3752.47
1572009093, 192, 1, 2, 0, 0, 0.01%, 2, 0, 1, 3848.49
1572009098, 205, 0, 2, 0, 0, 0.01%, 2, 0, 1, 3694.90
1572009103, 218, 1, 2, 0, 0, 0.01%, 2, 0, 1, 3741.19
1572009109, 231, 1, 2, 0, 0, 0.01%, 2, 0, 1, 3768.75
1572009114, 244, 1, 2, 0, 0, 0.01%, 2, 0, 1, 3760.00
1572009119, 257, 1, 2, 0, 0, 0.01%, 2, 0, 1, 3768.37
1572009124, 269, 0, 2, 0, 0, 0.01%, 2, 0, 1, 3354.91
1572009129, 279, 1, 2, 0, 0, 0.01%, 2, 0, 1, 3277.30
1572009134, 293, 0, 2, 0, 0, 0.01%, 2, 0, 1, 3652.04
1572009139, 306, 0, 2, 0, 0, 0.01%, 2, 0, 1, 3759.68
1572009144, 319, 1, 2, 0, 0, 0.01%, 2, 0, 1, 3785.37
1572009150, 332, 1, 2, 0, 0, 0.01%, 2, 0, 1, 3769.55
1572009155, 345, 1, 2, 0, 0, 0.01%, 2, 0, 1, 3731.44
1572009160, 358, 1, 2, 0, 0, 0.01%, 2, 0, 1, 3777.05
1572009165, 372, 0, 2, 0, 0, 0.01%, 2, 0, 1, 3814.41
1572009170, 385, 1, 2, 0, 0, 0.01%, 2, 0, 1, 3807.43
1572009175, 398, 1, 2, 0, 0, 0.01%, 2, 0, 1, 3746.86
1572009180, 411, 1, 2, 0, 0, 0.01%, 2, 0, 1, 3759.50
1572009186, 424, 1, 2, 0, 0, 0.01%, 2, 0, 1, 3704.33
1572009191, 438, 0, 2, 0, 0, 0.01%, 2, 0, 1, 3790.35
1572009196, 451, 0, 2, 0, 0, 0.01%, 2, 0, 1, 3809.24
1572009201, 464, 1, 2, 0, 0, 0.01%, 2, 0, 1, 3814.10
1572009206, 478, 0, 2, 0, 0, 0.01%, 2, 0, 1, 3828.55
1572009211, 491, 0, 2, 0, 0, 0.01%, 2, 0, 1, 3670.46
1572009217, 504, 0, 2, 0, 0, 0.01%, 2, 0, 1, 3721.62
1572009222, 517, 0, 2, 0, 0, 0.01%, 2, 0, 1, 3771.76
1572009227, 530, 0, 2, 0, 0, 0.01%, 2, 0, 1, 3719.10
1572009232, 542, 1, 2, 0, 0, 0.01%, 2, 0, 1, 3703.98
1572009237, 555, 1, 2, 0, 0, 0.01%, 2, 0, 1, 3695.53
1572009242, 568, 1, 2, 0, 0, 0.01%, 2, 0, 1, 3709.68
1572009247, 581, 0, 2, 0, 0, 0.01%, 2, 0, 1, 3710.84
1572009252, 594, 0, 2, 0, 0, 0.01%, 2, 0, 1, 3671.90
1572009257, 607, 0, 2, 0, 0, 0.01%, 2, 0, 1, 3758.15
1572009263, 620, 0, 2, 0, 0, 0.01%, 2, 0, 1, 3787.71
1572009268, 633, 1, 2, 0, 0, 0.01%, 2, 0, 1, 3809.04
1572009273, 646, 1, 2, 0, 0, 0.01%, 2, 0, 1, 3785.83
1572009278, 659, 1, 2, 0, 0, 0.01%, 2, 0, 1, 3784.20
1572009283, 673, 0, 2, 0, 0, 0.01%, 2, 0, 1, 3737.57
1572009288, 686, 0, 2, 0, 0, 0.01%, 2, 0, 1, 3783.01
1572009293, 699, 0, 2, 0, 0, 0.01%, 2, 0, 1, 3737.32
1572009299, 712, 1, 2, 0, 0, 0.01%, 2, 0, 1, 3826.76
1572009304, 726, 0, 2, 0, 0, 0.01%, 2, 0, 1, 3820.95
1572009309, 739, 0, 2, 0, 0, 0.01%, 2, 0, 1, 3788.26
1572009314, 752, 1, 2, 0, 0, 0.01%, 2, 0, 1, 3844.79
1572009319, 766, 0, 2, 0, 0, 0.01%, 2, 0, 1, 3815.64
1572009324, 779, 1, 2, 0, 0, 0.01%, 2, 0, 1, 3815.30
1572009329, 792, 1, 2, 0, 0, 0.01%, 2, 0, 1, 3826.04
1572009335, 806, 0, 2, 0, 0, 0.01%, 2, 0, 1, 3841.01
1572009340, 819, 1, 2, 0, 0, 0.01%, 2, 0, 1, 3827.98
1572009345, 833, 0, 2, 0, 0, 0.01%, 2, 0, 1, 3837.31
1572009350, 846, 0, 2, 0, 0, 0.01%, 2, 0, 1, 3820.93
1572009355, 859, 1, 2, 0, 0, 0.01%, 2, 0, 1, 3845.00
1572009360, 873, 0, 2, 0, 0, 0.01%, 2, 0, 1, 3774.48
1572009365, 886, 0, 2, 0, 0, 0.01%, 2, 0, 1, 3683.48
1572009371, 898, 0, 2, 0, 0, 0.01%, 2, 0, 1, 3629.55
1572009376, 911, 0, 2, 0, 0, 0.01%, 2, 0, 1, 3623.38
1572009381, 923, 1, 2, 0, 0, 0.01%, 2, 0, 1, 3673.10
1572009386, 936, 0, 2, 0, 0, 0.01%, 2, 0, 1, 3528.57
1572009391, 948, 1, 2, 0, 0, 0.01%, 2, 0, 1, 3600.49
1572009396, 958, 1, 2, 0, 0, 0.01%, 2, 1, 1, 3710.12
1572009401, 972, 0, 2, 0, 0, 0.01%, 2, 1, 1, 3773.17
1572009406, 984, 1, 2, 0, 0, 0.01%, 2, 1, 1, 3661.73
1572009412, 997, 1, 2, 0, 0, 0.01%, 2, 1, 1, 3688.88
1572009417, 1010, 1, 2, 0, 0, 0.01%, 2, 1, 1, 3766.71
1572009422, 1024, 0, 2, 0, 0, 0.01%, 2, 1, 1, 3782.77
1572009427, 1037, 0, 2, 0, 0, 0.01%, 2, 1, 1, 3824.67
1572009432, 1050, 1, 2, 0, 0, 0.01%, 2, 1, 1, 3839.91
1572009437, 1063, 1, 2, 0, 0, 0.01%, 2, 1, 1, 3758.00
1572009442, 1076, 1, 2, 0, 0, 0.01%, 2, 1, 1, 3729.40
1572009448, 1090, 0, 2, 0, 0, 0.01%, 2, 1, 1, 3781.42
1572009453, 1103, 0, 2, 0, 0, 0.01%, 2, 1, 1, 3770.37
1572009458, 1116, 0, 2, 0, 0, 0.01%, 2, 1, 1, 3791.73
1572009463, 1129, 1, 2, 0, 0, 0.01%, 2, 1, 1, 3790.90
1572009468, 1142, 1, 2, 0, 0, 0.01%, 2, 1, 1, 3769.37
1572009473, 1155, 1, 2, 0, 0, 0.01%, 2, 1, 1, 3748.70
1572009478, 1168, 1, 2, 0, 0, 0.01%, 2, 1, 1, 3707.81
1572009483, 1181, 1, 2, 0, 0, 0.01%, 2, 1, 1, 3710.46
1572009489, 1194, 1, 2, 0, 0, 0.01%, 2, 1, 1, 3751.63
1572009494, 1207, 1, 2, 0, 0, 0.01%, 2, 1, 1, 3754.09
1572009499, 1220, 1, 2, 0, 0, 0.01%, 2, 1, 1, 3749.80
1572009504, 1234, 0, 2, 0, 0, 0.01%, 2, 1, 1, 3812.64
1572009509, 1247, 0, 2, 0, 0, 0.01%, 2, 1, 1, 3738.21
1572009514, 1260, 1, 2, 0, 0, 0.01%, 2, 1, 1, 3783.54
1572009519, 1273, 1, 2, 0, 0, 0.01%, 2, 1, 1, 3806.60
1572009525, 1286, 1, 2, 0, 0, 0.01%, 2, 1, 1, 3766.31
1572009530, 1300, 0, 2, 0, 0, 0.01%, 2, 1, 1, 3801.78
1572009535, 1313, 0, 2, 0, 0, 0.01%, 2, 1, 1, 3762.29
1572009540, 1326, 0, 2, 0, 0, 0.01%, 2, 1, 1, 3687.00
1572009545, 1338, 1, 2, 0, 0, 0.01%, 2, 1, 1, 3642.19
1572009550, 1351, 1, 2, 0, 0, 0.01%, 2, 1, 1, 3725.26
1572009555, 1364, 1, 2, 0, 0, 0.01%, 2, 1, 1, 3765.37
1572009561, 1378, 0, 2, 0, 0, 0.01%, 2, 1, 1, 3771.37
1572009566, 1391, 0, 2, 0, 0, 0.01%, 2, 1, 1, 3759.05
1572009571, 1404, 0, 2, 0, 0, 0.01%, 2, 1, 1, 3700.74
1572009576, 1417, 0, 2, 0, 0, 0.01%, 2, 1, 1, 3731.10
1572009581, 1429, 0, 2, 0, 0, 0.01%, 2, 1, 1, 3506.62
1572009586, 1442, 0, 2, 0, 0, 0.01%, 2, 1, 1, 3697.56
1572009591, 1455, 0, 2, 0, 0, 0.01%, 2, 1, 1, 3751.56
1572009597, 1467, 0, 2, 0, 0, 0.01%, 2, 1, 1, 3556.51
1572009602, 1479, 1, 2, 0, 0, 0.01%, 2, 1, 1, 3672.97
1572009607, 1493, 0, 2, 0, 0, 0.01%, 2, 1, 1, 3758.20
1572009612, 1504, 0, 2, 0, 0, 0.01%, 2, 1, 1, 3231.30
1572009617, 1515, 0, 2, 0, 0, 0.01%, 2, 1, 1, 2984.54
1572009622, 1525, 0, 2, 0, 0, 0.01%, 2, 1, 1, 2874.37
1572009627, 1536, 1, 2, 0, 0, 0.01%, 2, 1, 1, 3358.41
1572009632, 1549, 1, 2, 0, 0, 0.01%, 2, 1, 1, 3698.79
1572009638, 1562, 1, 2, 0, 0, 0.01%, 2, 1, 1, 3742.69
1572009643, 1574, 1, 2, 0, 0, 0.01%, 2, 1, 1, 3346.44
1572009648, 1585, 1, 2, 0, 0, 0.01%, 2, 1, 1, 3306.05
1572009653, 1598, 1, 2, 0, 0, 0.01%, 2, 1, 1, 3658.57
1572009658, 1609, 1, 2, 0, 0, 0.01%, 2, 1, 1, 3093.59
1572009663, 1620, 0, 2, 0, 0, 0.01%, 2, 1, 1, 3091.64
1572009669, 1632, 1, 2, 0, 0, 0.01%, 2, 1, 1, 3525.76
1572009674, 1645, 1, 2, 0, 0, 0.01%, 2, 1, 1, 3623.67
1572009679, 1656, 1, 2, 0, 0, 0.01%, 2, 1, 1, 3197.00
1572009684, 1666, 1, 2, 0, 0, 0.01%, 2, 1, 1, 2882.37
1572009689, 1679, 0, 2, 0, 0, 0.01%, 2, 1, 1, 3491.30
1572009694, 1692, 0, 2, 0, 0, 0.01%, 2, 1, 1, 3672.86
1572009699, 1703, 0, 2, 0, 0, 0.01%, 2, 1, 1, 3304.06
1572009704, 1713, 0, 2, 0, 0, 0.01%, 2, 1, 1, 2918.70
1572009710, 1725, 1, 2, 0, 0, 0.01%, 2, 1, 1, 3501.43
1572009715, 1738, 0, 2, 0, 0, 0.01%, 2, 1, 1, 3621.87
1572009720, 1750, 0, 2, 0, 0, 0.01%, 2, 1, 1, 3419.86
1572009725, 1760, 1, 2, 0, 0, 0.01%, 2, 1, 1, 2981.09
1572009730, 1771, 0, 2, 0, 0, 0.01%, 2, 1, 1, 3064.31
1572009735, 1784, 0, 2, 0, 0, 0.01%, 2, 1, 1, 3568.57
1572009740, 1796, 1, 2, 0, 0, 0.01%, 2, 1, 1, 3471.01
1572009746, 1809, 0, 2, 0, 0, 0.01%, 2, 1, 1, 3647.47
1572009751, 1822, 1, 2, 0, 0, 0.01%, 2, 1, 1, 3774.17
1572009756, 1835, 1, 2, 0, 0, 0.01%, 2, 1, 1, 3749.25
1572009761, 1846, 1, 2, 0, 0, 0.01%, 2, 1, 1, 3230.38
1572009766, 1856, 1, 2, 0, 0, 0.01%, 2, 1, 1, 2914.21
1572009771, 1866, 1, 2, 0, 0, 0.01%, 2, 1, 1, 2833.31
1572009776, 1879, 0, 2, 0, 0, 0.01%, 2, 1, 1, 3520.42
1572009781, 1892, 0, 2, 0, 0, 0.01%, 2, 1, 1, 3617.53
1572009787, 1905, 0, 2, 0, 0, 0.01%, 2, 1, 1, 3740.68
1572009792, 1918, 0, 2, 0, 0, 0.01%, 2, 1, 1, 3749.09
1572009797, 1931, 1, 2, 0, 0, 0.01%, 2, 1, 1, 3766.50
1572009802, 1944, 1, 2, 0, 0, 0.01%, 2, 1, 1, 3752.34
1572009807, 1957, 1, 2, 0, 0, 0.01%, 2, 1, 1, 3756.42
1572009812, 1970, 1, 2, 0, 0, 0.01%, 2, 1, 1, 3684.69
1572009817, 1983, 1, 2, 0, 0, 0.01%, 2, 1, 1, 3768.18
1572009822, 1996, 0, 2, 0, 0, 0.01%, 2, 1, 1, 3688.50
1572009828, 2009, 0, 2, 0, 0, 0.01%, 2, 1, 1, 3643.21
1572009833, 2021, 1, 2, 0, 0, 0.01%, 2, 1, 1, 3669.24
1572009838, 2034, 1, 2, 0, 0, 0.01%, 2, 1, 1, 3558.62
1572009843, 2047, 0, 2, 0, 0, 0.01%, 2, 1, 1, 3600.35
1572009848, 2059, 1, 2, 0, 0, 0.01%, 2, 1, 1, 3576.43
1572009853, 2072, 0, 2, 0, 0, 0.01%, 2, 1, 1, 3624.24
1572009858, 2084, 1, 2, 0, 0, 0.01%, 2, 1, 1, 3686.56
1572009863, 2097, 1, 2, 0, 0, 0.01%, 2, 1, 1, 3679.88
1572009869, 2111, 0, 2, 0, 0, 0.01%, 2, 1, 1, 3765.55
1572009874, 2124, 0, 2, 0, 0, 0.01%, 2, 1, 1, 3819.71
1572009879, 2137, 1, 2, 0, 0, 0.01%, 2, 1, 1, 3810.23
1572009884, 2150, 1, 2, 0, 0, 0.01%, 2, 1, 1, 3772.67
1572009889, 2163, 1, 2, 0, 0, 0.01%, 2, 1, 1, 3783.79
1572009894, 2177, 0, 2, 0, 0, 0.01%, 2, 1, 1, 3765.68
1572009899, 2190, 0, 2, 0, 0, 0.01%, 2, 1, 1, 3695.49
