# unix_time, cycles_done, cur_path, paths_total, pending_total, pending_favs, map_size, unique_crashes, unique_hangs, max_depth, execs_per_sec
1572597258, 0, 0, 1, 1, 1, 0.01%, 0, 0, 1, 1000.00
1572597264, 1, 0, 18, 5, 0, 0.10%, 4, 0, 2, 1448.97
1572597269, 1, 16, 18, 2, 0, 0.10%, 4, 0, 2, 1548.75
1572597274, 2, 12, 19, 2, 0, 0.10%, 4, 0, 2, 1469.67
1572597279, 3, 12, 20, 3, 0, 0.10%, 4, 0, 2, 1843.81
1572597284, 4, 12, 20, 1, 0, 0.10%, 4, 0, 2, 1697.60
1572597289, 5, 11, 20, 0, 0, 0.10%, 4, 0, 2, 1580.70
1572597294, 6, 9, 20, 0, 0, 0.10%, 4, 0, 2, 1560.86
1572597300, 7, 11, 20, 0, 0, 0.10%, 4, 0, 2, 1626.58
1572597305, 8, 12, 20, 0, 0, 0.10%, 4, 0, 2, 1554.97
1572597310, 9, 12, 20, 0, 0, 0.10%, 4, 0, 2, 1549.33
1572597315, 10, 12, 20, 0, 0, 0.10%, 4, 0, 2, 1565.36
1572597320, 11, 14, 20, 0, 0, 0.10%, 4, 0, 2, 1606.91
1572597325, 12, 16, 20, 0, 0, 0.10%, 4, 0, 2, 1650.95
1572597330, 13, 15, 20, 0, 0, 0.10%, 4, 0, 2, 1611.89
1572597335, 14, 16, 20, 0, 0, 0.10%, 4, 0, 2, 1528.74
