# unix_time, cycles_done, cur_path, paths_total, pending_total, pending_favs, map_size, unique_crashes, unique_hangs, max_depth, execs_per_sec
1572597386, 0, 0, 1, 1, 1, 0.01%, 0, 0, 1, 1333.33
1572597392, 5, 4, 5, 0, 0, 0.03%, 0, 0, 1, 1693.41
1572597397, 11, 4, 5, 0, 0, 0.03%, 0, 0, 1, 1868.98
1572597402, 15, 5, 12, 7, 1, 0.09%, 2, 0, 2, 1565.70
1572597407, 15, 6, 18, 12, 10, 0.10%, 4, 0, 3, 1531.24
1572597412, 15, 7, 21, 14, 10, 0.10%, 4, 0, 3, 1547.08
1572597417, 15, 11, 22, 12, 7, 0.11%, 4, 0, 3, 1520.54
1572597422, 15, 15, 22, 10, 5, 0.11%, 4, 0, 3, 1434.12
1572597427, 15, 18, 22, 7, 2, 0.11%, 4, 0, 3, 1530.90
1572597432, 16, 9, 22, 5, 0, 0.11%, 4, 0, 3, 1572.18
1572597437, 16, 12, 22, 5, 0, 0.11%, 4, 0, 3, 1612.93
1572597442, 16, 17, 22, 5, 0, 0.11%, 4, 0, 3, 1619.66
1572597447, 16, 19, 22, 5, 0, 0.11%, 4, 0, 3, 1634.81
1572597452, 17, 9, 22, 3, 0, 0.11%, 4, 0, 3, 1626.62
1572597457, 17, 12, 22, 3, 0, 0.11%, 4, 0, 3, 1539.60
1572597462, 17, 17, 23, 4, 0, 0.11%, 4, 0, 3, 1598.05
1572597468, 18, 3, 23, 4, 0, 0.11%, 4, 0, 3, 1590.26
1572597473, 18, 15, 23, 4, 0, 0.11%, 4, 0, 3, 79.67
1572597478, 19, 0, 23, 3, 0, 0.11%, 4, 0, 3, 1467.19
1572597483, 19, 14, 23, 3, 0, 0.11%, 4, 0, 3, 1638.40
1572597488, 19, 22, 23, 2, 0, 0.11%, 4, 0, 3, 1602.65
1572597493, 20, 12, 23, 2, 0, 0.11%, 4, 0, 3, 1615.35
1572597498, 20, 21, 23, 2, 0, 0.11%, 4, 0, 3, 1655.27
1572597503, 21, 21, 23, 2, 0, 0.11%, 4, 0, 3, 1632.29
1572597508, 22, 10, 23, 1, 0, 0.11%, 4, 0, 3, 1671.06
1572597513, 23, 10, 23, 1, 0, 0.11%, 4, 0, 3, 1583.81
1572597519, 24, 8, 23, 1, 0, 0.11%, 4, 0, 3, 1616.10
1572597524, 24, 20, 23, 1, 0, 0.11%, 4, 0, 3, 1602.85
1572597529, 25, 13, 23, 1, 0, 0.11%, 4, 0, 3, 1609.26
1572597534, 26, 15, 23, 0, 0, 0.11%, 4, 0, 3, 1632.38
1572597539, 27, 11, 23, 0, 0, 0.11%, 4, 0, 3, 1636.51
1572597544, 28, 10, 23, 0, 0, 0.11%, 4, 0, 3, 1613.17
1572597549, 29, 10, 23, 0, 0, 0.11%, 4, 0, 3, 1663.20
1572597554, 30, 10, 23, 0, 0, 0.11%, 4, 0, 3, 1521.39
1572597559, 31, 10, 23, 0, 0, 0.11%, 4, 0, 3, 1628.49
1572597565, 32, 10, 23, 0, 0, 0.11%, 4, 0, 3, 1609.22
1572597570, 33, 9, 23, 0, 0, 0.11%, 4, 0, 3, 1665.33
1572597575, 34, 10, 23, 0, 0, 0.11%, 4, 0, 3, 1671.97
1572597580, 35, 6, 23, 0, 0, 0.11%, 4, 0, 3, 1685.27
1572597585, 36, 0, 23, 0, 0, 0.11%, 4, 0, 3, 1696.37
1572597590, 37, 3, 23, 0, 0, 0.11%, 4, 0, 3, 1640.04
1572597595, 38, 3, 23, 0, 0, 0.11%, 4, 0, 3, 1654.60
1572597600, 39, 4, 23, 0, 0, 0.11%, 4, 0, 3, 1656.94
1572597605, 40, 8, 23, 0, 0, 0.11%, 4, 0, 3, 1639.56
1572597611, 40, 20, 23, 0, 0, 0.11%, 4, 0, 3, 1664.91
1572597616, 41, 15, 23, 0, 0, 0.11%, 4, 0, 3, 1671.24
1572597621, 42, 16, 23, 0, 0, 0.11%, 4, 0, 3, 1688.60
1572597626, 43, 17, 23, 0, 0, 0.11%, 4, 0, 3, 1696.64
1572597631, 44, 16, 23, 0, 0, 0.11%, 4, 0, 3, 1691.40
1572597636, 45, 17, 23, 0, 0, 0.11%, 4, 0, 3, 1689.36
1572597641, 46, 11, 23, 0, 0, 0.11%, 4, 0, 3, 1603.52
1572597646, 47, 10, 23, 0, 0, 0.11%, 4, 0, 3, 1613.70
1572597651, 48, 10, 24, 1, 0, 0.11%, 4, 0, 3, 1653.77
1572597656, 49, 7, 24, 1, 0, 0.11%, 4, 0, 3, 1700.42
1572597661, 50, 0, 24, 1, 0, 0.11%, 4, 0, 3, 1610.97
1572597666, 51, 0, 24, 1, 0, 0.11%, 4, 0, 3, 1637.21
1572597671, 51, 23, 24, 1, 0, 0.11%, 4, 0, 3, 1639.59
1572597676, 52, 17, 25, 1, 0, 0.11%, 4, 0, 4, 1650.55
1572597681, 53, 17, 25, 1, 0, 0.11%, 4, 0, 4, 1635.19
1572597687, 54, 16, 25, 1, 0, 0.11%, 4, 0, 4, 1649.74
1572597692, 55, 17, 25, 1, 0, 0.11%, 4, 0, 4, 1607.46
1572597697, 56, 18, 25, 1, 0, 0.11%, 4, 0, 4, 1672.80
1572597702, 57, 18, 25, 1, 0, 0.11%, 4, 0, 4, 1693.19
1572597707, 58, 14, 25, 1, 0, 0.11%, 4, 0, 4, 1660.73
1572597712, 59, 12, 25, 1, 0, 0.11%, 4, 0, 4, 1619.40
1572597717, 60, 15, 25, 1, 0, 0.11%, 4, 0, 4, 1615.03
1572597723, 61, 15, 25, 1, 0, 0.11%, 4, 0, 4, 1664.16
1572597728, 62, 11, 25, 1, 0, 0.11%, 4, 0, 4, 1643.82
1572597733, 63, 11, 25, 1, 0, 0.11%, 4, 0, 4, 1636.70
1572597738, 63, 24, 25, 1, 0, 0.11%, 4, 0, 4, 1582.03
1572597743, 64, 12, 25, 0, 0, 0.11%, 4, 0, 4, 1365.72
1572597748, 65, 9, 25, 0, 0, 0.11%, 4, 0, 4, 1541.17
1572597753, 66, 10, 25, 0, 0, 0.11%, 5, 0, 4, 1607.95
1572597759, 67, 11, 25, 0, 0, 0.11%, 5, 0, 4, 1665.98
1572597764, 68, 1, 25, 0, 0, 0.11%, 5, 0, 4, 1602.36
1572597769, 68, 25, 27, 2, 1, 0.12%, 5, 0, 5, 1641.16
1572597774, 69, 11, 27, 1, 0, 0.12%, 5, 0, 5, 1589.62
1572597779, 69, 25, 27, 1, 0, 0.12%, 5, 0, 5, 1640.69
1572597784, 70, 25, 27, 1, 0, 0.12%, 5, 0, 5, 1609.94
1572597790, 71, 11, 27, 1, 0, 0.12%, 5, 0, 5, 1663.12
1572597795, 71, 25, 27, 1, 0, 0.12%, 5, 0, 5, 1610.34
1572597800, 72, 10, 27, 0, 0, 0.12%, 5, 0, 5, 1655.92
1572597805, 72, 25, 27, 0, 0, 0.12%, 5, 0, 5, 1743.54
1572597810, 73, 15, 27, 0, 0, 0.12%, 5, 0, 5, 1696.62
1572597815, 74, 4, 27, 0, 0, 0.12%, 5, 0, 5, 1693.19
1572597820, 74, 25, 27, 0, 0, 0.12%, 5, 0, 5, 1640.65
1572597825, 75, 11, 27, 0, 0, 0.12%, 5, 0, 5, 1657.37
1572597830, 76, 0, 27, 0, 0, 0.12%, 5, 0, 5, 1705.02
1572597835, 76, 25, 27, 0, 0, 0.12%, 5, 0, 5, 1716.20
1572597841, 77, 16, 27, 0, 0, 0.12%, 5, 0, 5, 1691.44
1572597846, 78, 9, 27, 0, 0, 0.12%, 5, 0, 5, 1723.36
1572597851, 78, 25, 27, 0, 0, 0.12%, 5, 0, 5, 1785.42
1572597856, 79, 25, 27, 0, 0, 0.12%, 5, 0, 5, 1767.61
1572597861, 80, 15, 27, 0, 0, 0.12%, 5, 0, 5, 1757.43
1572597866, 81, 4, 27, 0, 0, 0.12%, 5, 0, 5, 1727.93
1572597871, 81, 19, 27, 0, 0, 0.12%, 5, 0, 5, 1678.79
1572597876, 82, 11, 27, 0, 0, 0.12%, 5, 0, 5, 1693.89
1572597882, 82, 25, 27, 0, 0, 0.12%, 5, 0, 5, 1672.84
1572597887, 83, 21, 27, 0, 0, 0.12%, 5, 0, 5, 1697.77
1572597892, 84, 11, 27, 0, 0, 0.12%, 5, 0, 5, 1616.26
1572597897, 84, 25, 27, 0, 0, 0.12%, 5, 0, 5, 1631.94
1572597902, 85, 23, 27, 0, 0, 0.12%, 5, 0, 5, 1689.41
1572597907, 86, 18, 27, 0, 0, 0.12%, 5, 0, 5, 1657.04
1572597912, 87, 18, 27, 0, 0, 0.12%, 5, 0, 5, 1650.35
1572597917, 88, 12, 27, 0, 0, 0.12%, 5, 0, 5, 1672.34
1572597922, 89, 16, 27, 0, 0, 0.12%, 5, 0, 5, 1697.10
1572597927, 90, 15, 27, 0, 0, 0.12%, 5, 0, 5, 1648.70
1572597933, 91, 12, 27, 0, 0, 0.12%, 5, 0, 5, 1639.43
1572597938, 92, 15, 27, 0, 0, 0.12%, 5, 0, 5, 1672.55
1572597943, 93, 15, 27, 0, 0, 0.12%, 5, 0, 5, 1624.24
1572597948, 94, 16, 27, 0, 0, 0.12%, 5, 0, 5, 1724.27
1572597953, 95, 11, 27, 0, 0, 0.12%, 5, 0, 5, 1626.94
1572597958, 96, 11, 27, 0, 0, 0.12%, 5, 0, 5, 1608.95
1572597963, 97, 12, 27, 0, 0, 0.12%, 5, 0, 5, 1684.88
1572597968, 97, 26, 27, 0, 0, 0.12%, 5, 0, 5, 1752.44
1572597973, 98, 25, 27, 0, 0, 0.12%, 5, 0, 5, 1791.32
1572597979, 100, 2, 27, 0, 0, 0.12%, 5, 0, 5, 1766.66
1572597984, 101, 2, 27, 0, 0, 0.12%, 5, 0, 5, 1704.86
1572597989, 101, 22, 27, 0, 0, 0.12%, 5, 0, 5, 1704.85
1572597994, 101, 26, 27, 0, 0, 0.12%, 5, 0, 5, 1749.50
1572597999, 102, 25, 27, 0, 0, 0.12%, 5, 0, 5, 1791.95
1572598004, 103, 20, 27, 0, 0, 0.12%, 5, 0, 5, 1751.91
1572598009, 104, 21, 27, 0, 0, 0.12%, 5, 0, 5, 1745.09
1572598014, 105, 9, 27, 0, 0, 0.12%, 5, 0, 5, 1732.38
1572598019, 106, 9, 27, 0, 0, 0.12%, 5, 0, 5, 1680.18
1572598025, 107, 2, 27, 0, 0, 0.12%, 5, 0, 5, 1722.70
1572598030, 108, 3, 27, 0, 0, 0.12%, 5, 0, 5, 1697.64
1572598035, 108, 27, 28, 1, 0, 0.12%, 5, 0, 5, 1742.91
1572598040, 109, 25, 28, 0, 0, 0.12%, 5, 0, 5, 1766.99
1572598045, 111, 0, 28, 0, 0, 0.12%, 5, 0, 5, 1771.50
1572598050, 112, 3, 28, 0, 0, 0.12%, 5, 0, 5, 1773.31
1572598055, 113, 3, 28, 0, 0, 0.12%, 5, 0, 5, 1658.22
1572598060, 114, 4, 28, 0, 0, 0.12%, 5, 0, 5, 1690.08
1572598065, 114, 26, 28, 0, 0, 0.12%, 5, 0, 5, 1676.78
1572598070, 115, 15, 28, 0, 0, 0.12%, 5, 0, 5, 1725.56
1572598075, 116, 15, 28, 0, 0, 0.12%, 5, 0, 5, 1706.65
1572598080, 116, 25, 28, 0, 0, 0.12%, 5, 0, 5, 1747.59
1572598085, 118, 3, 28, 0, 0, 0.12%, 5, 0, 5, 1779.79
1572598090, 119, 9, 28, 0, 0, 0.12%, 5, 0, 5, 1763.06
1572598095, 120, 9, 28, 0, 0, 0.12%, 5, 0, 5, 1777.48
1572598100, 121, 10, 28, 0, 0, 0.12%, 5, 0, 5, 1700.91
1572598105, 122, 10, 28, 0, 0, 0.12%, 5, 0, 5, 1710.02
1572598110, 123, 10, 28, 0, 0, 0.12%, 5, 0, 5, 1727.19
1572598115, 124, 11, 28, 0, 0, 0.12%, 5, 0, 5, 1697.94
1572598120, 125, 12, 28, 0, 0, 0.12%, 5, 0, 5, 1687.64
1572598125, 126, 10, 28, 0, 0, 0.12%, 5, 0, 5, 1745.00
1572598130, 127, 10, 28, 0, 0, 0.12%, 5, 0, 5, 1656.45
1572598135, 128, 9, 28, 0, 0, 0.12%, 5, 0, 5, 1665.91
1572598140, 129, 10, 28, 0, 0, 0.12%, 5, 0, 5, 1705.31
1572598145, 130, 0, 28, 0, 0, 0.12%, 5, 0, 5, 1693.30
1572598151, 131, 4, 28, 0, 0, 0.12%, 5, 0, 5, 1719.86
1572598156, 132, 9, 28, 0, 0, 0.12%, 5, 0, 5, 1673.19
1572598161, 132, 24, 28, 0, 0, 0.12%, 5, 0, 5, 1685.21
1572598166, 133, 11, 28, 0, 0, 0.12%, 5, 0, 5, 1729.91
1572598171, 134, 11, 28, 0, 0, 0.12%, 5, 0, 5, 1709.46
1572598176, 135, 4, 28, 0, 0, 0.12%, 5, 0, 5, 1732.07
1572598181, 136, 10, 28, 0, 0, 0.12%, 5, 0, 5, 1744.13
1572598186, 137, 4, 28, 0, 0, 0.12%, 5, 0, 5, 1696.35
1572598191, 137, 26, 28, 0, 0, 0.12%, 5, 0, 5, 1720.30
1572598196, 138, 16, 28, 0, 0, 0.12%, 5, 0, 5, 1674.45
1572598201, 139, 12, 28, 0, 0, 0.12%, 5, 0, 5, 1669.92
1572598207, 140, 15, 28, 0, 0, 0.12%, 5, 0, 5, 1757.04
1572598212, 141, 15, 28, 0, 0, 0.12%, 5, 0, 5, 1769.26
1572598217, 142, 16, 28, 0, 0, 0.12%, 5, 0, 5, 1722.51
1572598222, 143, 18, 28, 0, 0, 0.12%, 5, 0, 5, 1655.72
1572598227, 144, 9, 28, 0, 0, 0.12%, 5, 0, 5, 1701.42
1572598232, 145, 10, 28, 0, 0, 0.12%, 5, 0, 5, 1718.32
1572598237, 146, 12, 28, 0, 0, 0.12%, 6, 0, 5, 1742.84
1572598242, 147, 16, 28, 0, 0, 0.12%, 6, 0, 5, 1749.96
1572598248, 147, 25, 28, 0, 0, 0.12%, 6, 0, 5, 1724.90
1572598253, 149, 1, 28, 0, 0, 0.12%, 6, 0, 5, 1719.45
1572598258, 150, 0, 28, 0, 0, 0.12%, 6, 0, 5, 1676.07
1572598263, 151, 0, 28, 0, 0, 0.12%, 6, 0, 5, 1694.33
1572598268, 152, 3, 28, 0, 0, 0.12%, 6, 0, 5, 1696.30
1572598273, 153, 2, 28, 0, 0, 0.12%, 6, 0, 5, 1747.39
1572598278, 153, 27, 28, 0, 0, 0.12%, 6, 0, 5, 1730.68
1572598283, 154, 21, 28, 0, 0, 0.12%, 6, 0, 5, 1715.75
1572598288, 155, 16, 28, 0, 0, 0.12%, 6, 0, 5, 1765.81
1572598293, 156, 16, 28, 0, 0, 0.12%, 6, 0, 5, 1746.43
1572598298, 157, 18, 28, 0, 0, 0.12%, 6, 0, 5, 1713.43
1572598303, 158, 3, 28, 0, 0, 0.12%, 6, 0, 5, 1680.34
1572598308, 159, 2, 28, 0, 0, 0.12%, 6, 0, 5, 1720.03
1572598314, 160, 0, 28, 0, 0, 0.12%, 6, 0, 5, 1730.07
1572598319, 160, 25, 28, 0, 0, 0.12%, 6, 0, 5, 1709.98
1572598324, 161, 25, 28, 0, 0, 0.12%, 6, 0, 5, 1744.35
1572598329, 162, 25, 28, 0, 0, 0.12%, 6, 0, 5, 1714.99
1572598334, 163, 25, 28, 0, 0, 0.12%, 6, 0, 5, 1705.38
1572598339, 164, 23, 28, 0, 0, 0.12%, 6, 0, 5, 1721.45
1572598344, 165, 18, 28, 0, 0, 0.12%, 6, 0, 5, 1614.26
1572598349, 166, 17, 28, 0, 0, 0.12%, 6, 0, 5, 1678.97
1572598354, 167, 15, 28, 0, 0, 0.12%, 6, 0, 5, 1629.17
1572598359, 168, 11, 28, 0, 0, 0.12%, 6, 0, 5, 1639.88
1572598364, 169, 12, 28, 0, 0, 0.12%, 6, 0, 5, 1671.89
1572598370, 170, 11, 28, 0, 0, 0.12%, 6, 0, 5, 1632.82
1572598375, 171, 10, 28, 0, 0, 0.12%, 6, 0, 5, 1593.76
1572598380, 172, 9, 28, 0, 0, 0.12%, 6, 0, 5, 1620.75
1572598385, 173, 10, 28, 0, 0, 0.12%, 6, 0, 5, 1648.16
1572598390, 174, 10, 28, 0, 0, 0.12%, 6, 0, 5, 1640.53
1572598395, 175, 9, 28, 0, 0, 0.12%, 6, 0, 5, 1675.00
1572598400, 176, 9, 28, 0, 0, 0.12%, 6, 0, 5, 1654.56
1572598405, 177, 10, 28, 0, 0, 0.12%, 6, 0, 5, 1652.93
1572598410, 178, 11, 28, 0, 0, 0.12%, 6, 0, 5, 1737.68
1572598415, 179, 11, 28, 0, 0, 0.12%, 6, 0, 5, 1683.23
1572598420, 180, 12, 28, 0, 0, 0.12%, 6, 0, 5, 1741.87
1572598425, 181, 11, 28, 0, 0, 0.12%, 6, 0, 5, 1648.93
1572598431, 181, 26, 28, 0, 0, 0.12%, 6, 0, 5, 1681.04
1572598436, 182, 16, 28, 0, 0, 0.12%, 6, 0, 5, 1736.62
1572598441, 183, 10, 28, 0, 0, 0.12%, 6, 0, 5, 1674.92
1572598446, 184, 11, 28, 0, 0, 0.12%, 6, 0, 5, 1732.31
1572598451, 185, 11, 28, 0, 0, 0.12%, 6, 0, 5, 1714.96
1572598456, 186, 12, 28, 0, 0, 0.12%, 6, 0, 5, 1676.34
1572598461, 187, 12, 28, 0, 0, 0.12%, 6, 0, 5, 1680.42
1572598466, 188, 15, 28, 0, 0, 0.12%, 6, 0, 5, 1707.18
1572598471, 189, 16, 28, 0, 0, 0.12%, 6, 0, 5, 1691.60
1572598476, 190, 16, 28, 0, 0, 0.12%, 6, 0, 5, 1621.29
1572598481, 191, 18, 28, 0, 0, 0.12%, 6, 0, 5, 1712.05
1572598486, 192, 16, 28, 0, 0, 0.12%, 6, 0, 5, 1682.32
1572598491, 192, 26, 28, 0, 0, 0.12%, 6, 0, 5, 1682.83
1572598496, 193, 21, 28, 0, 0, 0.12%, 6, 0, 5, 1620.22
1572598501, 194, 21, 28, 0, 0, 0.12%, 6, 0, 5, 1604.70
1572598506, 195, 18, 28, 0, 0, 0.12%, 6, 0, 5, 1544.67
1572598511, 196, 21, 28, 0, 0, 0.12%, 6, 0, 5, 1625.85
1572598516, 197, 21, 28, 0, 0, 0.12%, 6, 0, 5, 1599.36
1572598521, 198, 11, 28, 0, 0, 0.12%, 6, 0, 5, 1577.60
1572598526, 199, 10, 28, 0, 0, 0.12%, 6, 0, 5, 1564.47
1572598532, 200, 9, 28, 0, 0, 0.12%, 6, 0, 5, 1055.00
1572598537, 201, 4, 28, 0, 0, 0.12%, 6, 0, 5, 1408.36
1572598542, 202, 10, 28, 0, 0, 0.12%, 6, 0, 5, 1613.70
1572598547, 203, 10, 28, 0, 0, 0.12%, 6, 0, 5, 1611.43
1572598552, 203, 26, 28, 0, 0, 0.12%, 6, 0, 5, 1610.82
1572598557, 204, 18, 28, 0, 0, 0.12%, 6, 0, 5, 1654.10
1572598562, 205, 21, 28, 0, 0, 0.12%, 6, 0, 5, 1638.09
1572598568, 206, 7, 28, 0, 0, 0.12%, 6, 0, 5, 1667.01
1572598573, 207, 4, 28, 0, 0, 0.12%, 6, 0, 5, 1658.96
1572598578, 208, 10, 28, 0, 0, 0.12%, 6, 0, 5, 1710.06
1572598583, 209, 10, 28, 0, 0, 0.12%, 6, 0, 5, 1611.96
1572598588, 210, 9, 28, 0, 0, 0.12%, 6, 0, 5, 1614.38
1572598593, 211, 4, 28, 0, 0, 0.12%, 6, 0, 5, 1537.30
1572598598, 211, 25, 28, 0, 0, 0.12%, 6, 0, 5, 1662.35
1572598603, 212, 24, 28, 0, 0, 0.12%, 6, 0, 5, 1673.34
1572598608, 213, 9, 28, 0, 0, 0.12%, 6, 0, 5, 1617.77
1572598613, 214, 9, 28, 0, 0, 0.12%, 6, 0, 5, 1646.15
1572598619, 214, 27, 28, 0, 0, 0.12%, 6, 0, 5, 1666.42
1572598624, 215, 22, 28, 0, 0, 0.12%, 6, 0, 5, 1653.52
1572598629, 216, 9, 28, 0, 0, 0.12%, 6, 0, 5, 1647.86
1572598634, 216, 26, 28, 0, 0, 0.12%, 6, 0, 5, 1673.21
1572598639, 217, 18, 28, 0, 0, 0.12%, 6, 0, 5, 1684.22
1572598644, 218, 16, 28, 0, 0, 0.12%, 6, 0, 5, 1667.91
1572598649, 219, 18, 28, 0, 0, 0.12%, 6, 0, 5, 1658.15
1572598654, 219, 24, 28, 0, 0, 0.12%, 6, 0, 5, 1633.07
1572598659, 220, 21, 28, 0, 0, 0.12%, 6, 0, 5, 1719.76
1572598664, 221, 21, 28, 0, 0, 0.12%, 6, 0, 5, 1717.63
1572598670, 222, 25, 28, 0, 0, 0.12%, 6, 0, 5, 1721.39
1572598675, 223, 25, 28, 0, 0, 0.12%, 6, 0, 5, 1726.73
1572598680, 224, 25, 28, 0, 0, 0.12%, 6, 0, 5, 1666.38
1572598685, 226, 2, 28, 0, 0, 0.12%, 6, 0, 5, 1653.97
1572598690, 227, 3, 28, 0, 0, 0.12%, 6, 0, 5, 1715.14
1572598695, 228, 4, 28, 0, 0, 0.12%, 6, 0, 5, 1678.67
1572598700, 229, 10, 28, 0, 0, 0.12%, 6, 0, 5, 1682.43
1572598706, 230, 10, 28, 0, 0, 0.12%, 6, 0, 5, 1719.08
1572598711, 231, 11, 28, 0, 0, 0.12%, 6, 0, 5, 1734.18
1572598716, 232, 4, 28, 0, 0, 0.12%, 6, 0, 5, 1735.05
1572598721, 233, 4, 28, 0, 0, 0.12%, 6, 0, 5, 1679.37
1572598726, 233, 20, 28, 0, 0, 0.12%, 6, 0, 5, 1414.09
1572598731, 234, 15, 28, 0, 0, 0.12%, 6, 0, 5, 1426.87
1572598736, 235, 11, 28, 0, 0, 0.12%, 6, 0, 5, 1317.06
1572598741, 236, 9, 28, 0, 0, 0.12%, 6, 0, 5, 1335.04
1572598746, 236, 23, 28, 0, 0, 0.12%, 6, 0, 5, 1409.83
1572598751, 237, 21, 28, 0, 0, 0.12%, 6, 0, 5, 1576.21
1572598756, 238, 15, 28, 0, 0, 0.12%, 6, 0, 5, 1632.99
1572598761, 239, 15, 28, 0, 0, 0.12%, 6, 0, 5, 1689.73
1572598767, 240, 16, 28, 0, 0, 0.12%, 6, 0, 5, 1743.00
1572598772, 241, 18, 29, 1, 0, 0.12%, 6, 0, 5, 1772.16
1572598777, 242, 4, 29, 0, 0, 0.12%, 6, 0, 5, 1765.55
1572598782, 243, 10, 29, 0, 0, 0.12%, 6, 0, 5, 1764.37
1572598787, 244, 10, 29, 0, 0, 0.12%, 6, 0, 5, 1758.59
1572598792, 245, 4, 29, 0, 0, 0.12%, 6, 0, 5, 1750.28
1572598797, 246, 10, 29, 0, 0, 0.12%, 6, 0, 5, 1691.80
1572598802, 247, 9, 29, 0, 0, 0.12%, 6, 0, 5, 1674.14
1572598807, 248, 10, 29, 0, 0, 0.12%, 6, 0, 5, 1734.56
1572598812, 249, 9, 29, 0, 0, 0.12%, 6, 0, 5, 1711.60
1572598817, 250, 10, 29, 0, 0, 0.12%, 6, 0, 5, 1743.72
1572598823, 251, 12, 29, 0, 0, 0.12%, 6, 0, 5, 1749.12
1572598828, 252, 12, 29, 0, 0, 0.12%, 6, 0, 5, 1706.28
1572598833, 252, 28, 29, 0, 0, 0.12%, 6, 0, 5, 1737.76
1572598838, 253, 21, 29, 0, 0, 0.12%, 6, 0, 5, 1746.38
1572598843, 254, 25, 29, 0, 0, 0.12%, 6, 0, 5, 1724.22
1572598848, 255, 25, 29, 0, 0, 0.12%, 6, 0, 5, 1722.03
1572598853, 256, 11, 29, 0, 0, 0.12%, 6, 0, 5, 1749.39
1572598858, 257, 11, 29, 0, 0, 0.12%, 6, 0, 5, 1683.63
1572598863, 258, 12, 29, 0, 0, 0.12%, 6, 0, 5, 1722.88
1572598868, 259, 12, 29, 0, 0, 0.12%, 6, 0, 5, 1746.60
1572598873, 260, 12, 29, 0, 0, 0.12%, 6, 0, 5, 1747.50
1572598878, 261, 12, 29, 0, 0, 0.12%, 6, 0, 5, 1706.56
1572598883, 262, 12, 29, 0, 0, 0.12%, 6, 0, 5, 1666.03
1572598888, 263, 15, 29, 0, 0, 0.12%, 6, 0, 5, 1698.33
1572598893, 263, 25, 29, 0, 0, 0.12%, 6, 0, 5, 1683.82
1572598898, 264, 25, 29, 0, 0, 0.12%, 6, 0, 5, 1733.38
1572598903, 266, 0, 29, 0, 0, 0.12%, 6, 0, 5, 1729.34
1572598908, 267, 3, 29, 0, 0, 0.12%, 6, 0, 5, 1745.00
1572598913, 268, 4, 29, 0, 0, 0.12%, 6, 0, 5, 1722.77
1572598919, 268, 27, 29, 0, 0, 0.12%, 6, 0, 5, 1704.75
1572598924, 269, 25, 29, 0, 0, 0.12%, 6, 0, 5, 1706.08
1572598929, 270, 25, 29, 0, 0, 0.12%, 6, 0, 5, 1692.03
1572598934, 271, 25, 29, 0, 0, 0.12%, 6, 0, 5, 1655.99
1572598939, 272, 25, 29, 0, 0, 0.12%, 6, 0, 5, 1683.12
1572598944, 273, 18, 29, 0, 0, 0.12%, 6, 0, 5, 1721.67
1572598949, 274, 21, 29, 0, 0, 0.12%, 6, 0, 5, 1748.79
1572598954, 275, 18, 29, 0, 0, 0.12%, 6, 0, 5, 1725.39
1572598959, 276, 21, 29, 0, 0, 0.12%, 6, 0, 5, 1678.13
1572598964, 277, 21, 29, 0, 0, 0.12%, 6, 0, 5, 1741.11
1572598969, 278, 25, 29, 0, 0, 0.12%, 6, 0, 5, 1709.77
1572598974, 279, 24, 29, 0, 0, 0.12%, 6, 0, 5, 1689.52
1572598979, 279, 26, 29, 0, 0, 0.12%, 6, 0, 5, 1675.16
1572598985, 280, 21, 29, 0, 0, 0.12%, 6, 0, 5, 1695.65
1572598990, 281, 25, 29, 0, 0, 0.12%, 6, 0, 5, 1764.06
1572598995, 282, 25, 29, 0, 0, 0.12%, 6, 0, 5, 1770.85
1572599000, 284, 1, 29, 0, 0, 0.12%, 6, 0, 5, 1769.18
1572599005, 285, 3, 29, 0, 0, 0.12%, 6, 0, 5, 1738.46
1572599010, 286, 9, 29, 0, 0, 0.12%, 6, 0, 5, 1779.42
1572599015, 287, 10, 29, 0, 0, 0.12%, 6, 0, 5, 1777.86
1572599020, 288, 11, 29, 0, 0, 0.12%, 6, 0, 5, 1775.28
1572599025, 289, 15, 29, 0, 0, 0.12%, 6, 0, 5, 1770.79
1572599030, 290, 0, 29, 0, 0, 0.12%, 6, 0, 5, 1761.16
1572599036, 291, 4, 29, 0, 0, 0.12%, 6, 0, 5, 1770.43
1572599041, 291, 26, 29, 0, 0, 0.12%, 6, 0, 5, 1772.65
1572599046, 292, 15, 29, 0, 0, 0.12%, 6, 0, 5, 1701.63
1572599051, 292, 28, 29, 0, 0, 0.12%, 6, 0, 5, 1722.75
1572599056, 293, 25, 29, 0, 0, 0.12%, 6, 0, 5, 1762.48
1572599061, 294, 25, 29, 0, 0, 0.12%, 6, 0, 5, 1719.08
1572599066, 295, 28, 29, 0, 0, 0.12%, 6, 0, 5, 1738.84
1572599071, 296, 11, 29, 0, 0, 0.12%, 6, 0, 5, 1730.67
1572599076, 297, 12, 29, 0, 0, 0.12%, 6, 0, 5, 1708.38
1572599082, 298, 15, 29, 0, 0, 0.12%, 6, 0, 5, 1722.73
1572599087, 298, 28, 29, 0, 0, 0.12%, 6, 0, 5, 1752.56
1572599092, 300, 0, 29, 0, 0, 0.12%, 6, 0, 5, 1715.62
1572599097, 301, 0, 29, 0, 0, 0.12%, 6, 0, 5, 1709.30
1572599102, 302, 3, 29, 0, 0, 0.12%, 6, 0, 5, 1733.84
1572599107, 303, 4, 29, 0, 0, 0.12%, 6, 0, 5, 1744.55
1572599112, 304, 3, 29, 0, 0, 0.12%, 6, 0, 5, 1730.65
1572599117, 305, 9, 29, 0, 0, 0.12%, 6, 0, 5, 1726.31
1572599122, 306, 9, 29, 0, 0, 0.12%, 6, 0, 5, 1683.17
1572599127, 307, 10, 29, 0, 0, 0.12%, 6, 0, 5, 1728.51
1572599132, 307, 26, 29, 0, 0, 0.12%, 6, 0, 5, 1742.89
1572599137, 308, 18, 29, 0, 0, 0.12%, 6, 0, 5, 1710.54
1572599143, 309, 21, 29, 0, 0, 0.12%, 6, 0, 5, 1673.67
1572599148, 310, 21, 29, 0, 0, 0.12%, 6, 0, 5, 1739.84
1572599153, 311, 21, 29, 0, 0, 0.12%, 6, 0, 5, 1674.94
1572599158, 312, 21, 29, 0, 0, 0.12%, 6, 0, 5, 1756.76
1572599163, 313, 25, 29, 0, 0, 0.12%, 6, 0, 5, 1716.65
1572599168, 314, 25, 29, 0, 0, 0.12%, 6, 0, 5, 1683.07
1572599173, 315, 25, 29, 0, 0, 0.12%, 6, 0, 5, 1690.65
1572599178, 316, 11, 29, 0, 0, 0.12%, 6, 0, 5, 1721.10
1572599183, 317, 12, 29, 0, 0, 0.12%, 6, 0, 5, 1700.61
1572599188, 318, 12, 29, 0, 0, 0.12%, 7, 0, 5, 1637.37
1572599194, 319, 16, 29, 0, 0, 0.12%, 7, 0, 5, 1723.03
1572599199, 320, 16, 29, 0, 0, 0.12%, 7, 0, 5, 1724.63
1572599204, 321, 12, 29, 0, 0, 0.12%, 7, 0, 5, 1689.42
1572599209, 322, 12, 29, 0, 0, 0.12%, 7, 0, 5, 1683.94
1572599214, 323, 12, 29, 0, 0, 0.12%, 7, 0, 5, 1737.72
1572599219, 324, 14, 29, 0, 0, 0.12%, 7, 0, 5, 1667.00
1572599224, 325, 15, 29, 0, 0, 0.12%, 7, 0, 5, 1714.26
1572599230, 326, 15, 29, 0, 0, 0.12%, 7, 0, 5, 1733.88
1572599235, 326, 25, 30, 1, 0, 0.13%, 7, 0, 5, 1716.37
1572599240, 327, 25, 30, 1, 0, 0.13%, 7, 0, 5, 1724.72
1572599245, 328, 10, 30, 1, 0, 0.13%, 7, 0, 5, 1736.56
1572599250, 329, 10, 30, 1, 0, 0.13%, 7, 0, 5, 1733.90
1572599255, 330, 10, 30, 1, 0, 0.13%, 7, 0, 5, 1660.89
1572599260, 331, 3, 30, 0, 0, 0.13%, 7, 0, 5, 1728.18
1572599265, 332, 4, 30, 0, 0, 0.13%, 7, 0, 5, 1741.96
1572599270, 333, 9, 30, 0, 0, 0.13%, 7, 0, 5, 1696.01
1572599276, 334, 10, 30, 0, 0, 0.13%, 7, 0, 5, 1692.31
1572599281, 335, 10, 30, 0, 0, 0.13%, 7, 0, 5, 1641.41
1572599286, 336, 3, 30, 0, 0, 0.13%, 7, 0, 5, 1670.02
1572599291, 337, 3, 30, 0, 0, 0.13%, 7, 0, 5, 1631.97
1572599296, 338, 4, 30, 0, 0, 0.13%, 7, 0, 5, 1672.95
1572599301, 338, 26, 30, 0, 0, 0.13%, 7, 0, 5, 1739.43
1572599306, 339, 18, 30, 0, 0, 0.13%, 7, 0, 5, 1748.64
1572599311, 340, 0, 30, 0, 0, 0.13%, 7, 0, 5, 1710.10
1572599316, 341, 3, 30, 0, 0, 0.13%, 7, 0, 5, 1647.79
1572599321, 342, 4, 30, 0, 0, 0.13%, 7, 0, 5, 1710.39
1572599326, 343, 9, 30, 0, 0, 0.13%, 7, 0, 5, 1727.67
1572599331, 343, 26, 30, 0, 0, 0.13%, 7, 0, 5, 1703.02
1572599337, 344, 10, 30, 0, 0, 0.13%, 7, 0, 5, 1683.67
1572599342, 344, 28, 30, 0, 0, 0.13%, 7, 0, 5, 1714.28
1572599347, 345, 15, 30, 0, 0, 0.13%, 7, 0, 5, 1733.12
1572599352, 346, 15, 30, 0, 0, 0.13%, 7, 0, 5, 1663.44
1572599357, 347, 16, 30, 0, 0, 0.13%, 7, 0, 5, 1664.34
1572599362, 348, 16, 30, 0, 0, 0.13%, 7, 0, 5, 1700.57
1572599367, 349, 18, 30, 0, 0, 0.13%, 7, 0, 5, 1741.00
1572599372, 350, 18, 30, 0, 0, 0.13%, 7, 0, 5, 1708.42
1572599377, 351, 3, 30, 0, 0, 0.13%, 7, 0, 5, 1718.55
1572599382, 352, 2, 30, 0, 0, 0.13%, 7, 0, 5, 1611.64
1572599387, 353, 4, 30, 0, 0, 0.13%, 7, 0, 5, 1687.91
1572599392, 353, 28, 30, 0, 0, 0.13%, 7, 0, 5, 1632.18
1572599398, 354, 12, 30, 0, 0, 0.13%, 7, 0, 5, 1712.16
1572599403, 355, 12, 30, 0, 0, 0.13%, 7, 0, 5, 1744.94
1572599408, 356, 15, 30, 0, 0, 0.13%, 7, 0, 5, 1733.22
1572599413, 357, 12, 30, 0, 0, 0.13%, 7, 0, 5, 1633.71
1572599418, 358, 12, 30, 0, 0, 0.13%, 7, 0, 5, 1646.37
1572599423, 359, 12, 30, 0, 0, 0.13%, 7, 0, 5, 1633.37
1572599428, 360, 12, 31, 1, 0, 0.13%, 7, 0, 5, 1632.23
1572599433, 361, 15, 31, 1, 0, 0.13%, 7, 0, 5, 1658.55
1572599439, 362, 16, 31, 1, 0, 0.13%, 7, 0, 5, 1635.11
1572599444, 363, 16, 31, 1, 0, 0.13%, 7, 0, 5, 1622.47
1572599449, 364, 16, 31, 1, 0, 0.13%, 7, 0, 5, 1595.60
1572599454, 365, 2, 31, 1, 0, 0.13%, 7, 0, 5, 1741.04
1572599459, 366, 4, 31, 1, 0, 0.13%, 7, 0, 5, 1768.88
1572599465, 367, 9, 31, 1, 0, 0.13%, 7, 0, 5, 1701.29
1572599470, 367, 30, 31, 1, 0, 0.13%, 7, 0, 5, 1647.73
1572599475, 368, 15, 31, 0, 0, 0.13%, 7, 0, 5, 1632.25
1572599480, 369, 14, 31, 0, 0, 0.13%, 7, 0, 5, 1613.73
1572599485, 370, 15, 31, 0, 0, 0.13%, 7, 0, 5, 1629.40
1572599490, 370, 28, 31, 0, 0, 0.13%, 7, 0, 5, 1687.38
1572599495, 370, 30, 31, 0, 0, 0.13%, 7, 0, 5, 1674.10
1572599500, 372, 0, 31, 0, 0, 0.13%, 7, 0, 5, 1671.16
1572599505, 373, 1, 31, 0, 0, 0.13%, 7, 0, 5, 1679.32
1572599510, 373, 25, 31, 0, 0, 0.13%, 7, 0, 5, 1750.73
1572599515, 375, 2, 31, 0, 0, 0.13%, 7, 0, 5, 1764.51
1572599520, 376, 9, 31, 0, 0, 0.13%, 7, 0, 5, 1754.88
1572599525, 376, 30, 31, 0, 0, 0.13%, 7, 0, 5, 1766.21
1572599531, 377, 16, 31, 0, 0, 0.13%, 7, 0, 5, 1773.71
1572599536, 378, 18, 31, 0, 0, 0.13%, 7, 0, 5, 1761.31
1572599541, 379, 18, 31, 0, 0, 0.13%, 7, 0, 5, 1767.58
1572599546, 380, 25, 31, 0, 0, 0.13%, 7, 0, 5, 1769.25
1572599551, 381, 25, 31, 0, 0, 0.13%, 7, 0, 5, 1750.61
1572599556, 383, 3, 31, 0, 0, 0.13%, 7, 0, 5, 1727.35
1572599561, 384, 4, 31, 0, 0, 0.13%, 7, 0, 5, 1653.92
1572599567, 385, 9, 31, 0, 0, 0.13%, 7, 0, 5, 1665.43
1572599572, 385, 28, 31, 0, 0, 0.13%, 7, 0, 5, 1647.12
1572599577, 386, 15, 31, 0, 0, 0.13%, 7, 0, 5, 1621.18
1572599582, 387, 16, 31, 0, 0, 0.13%, 7, 0, 5, 1658.06
1572599587, 388, 18, 31, 0, 0, 0.13%, 7, 0, 5, 1687.17
1572599592, 389, 21, 31, 0, 0, 0.13%, 7, 0, 5, 1623.61
1572599598, 390, 25, 31, 0, 0, 0.13%, 7, 0, 5, 1705.08
1572599603, 391, 15, 31, 0, 0, 0.13%, 7, 0, 5, 1686.00
1572599608, 392, 16, 31, 0, 0, 0.13%, 7, 0, 5, 1629.23
1572599613, 393, 12, 31, 0, 0, 0.13%, 7, 0, 5, 1603.44
1572599618, 393, 30, 31, 0, 0, 0.13%, 7, 0, 5, 1637.25
1572599623, 394, 21, 31, 0, 0, 0.13%, 7, 0, 5, 1625.96
1572599628, 395, 25, 31, 0, 0, 0.13%, 7, 0, 5, 1732.55
1572599633, 396, 25, 31, 0, 0, 0.13%, 7, 0, 5, 1765.69
1572599639, 398, 4, 31, 0, 0, 0.13%, 7, 0, 5, 1778.21
1572599644, 399, 9, 31, 0, 0, 0.13%, 7, 0, 5, 1793.25
1572599649, 400, 9, 31, 0, 0, 0.13%, 7, 0, 5, 1721.96
1572599654, 400, 30, 31, 0, 0, 0.13%, 7, 0, 5, 1741.07
1572599659, 401, 24, 31, 0, 0, 0.13%, 7, 0, 5, 1742.78
1572599664, 402, 21, 31, 0, 0, 0.13%, 7, 0, 5, 1707.33
1572599669, 403, 18, 31, 0, 0, 0.13%, 7, 0, 5, 1710.37
1572599674, 404, 18, 31, 0, 0, 0.13%, 7, 0, 5, 1741.74
1572599679, 405, 15, 31, 0, 0, 0.13%, 7, 0, 5, 1712.87
1572599684, 406, 18, 31, 0, 0, 0.13%, 7, 0, 5, 1743.50
1572599690, 407, 25, 31, 0, 0, 0.13%, 7, 0, 5, 1715.28
1572599695, 408, 11, 31, 0, 0, 0.13%, 7, 0, 5, 1726.87
1572599700, 409, 11, 31, 0, 0, 0.13%, 7, 0, 5, 1620.81
1572599705, 410, 12, 31, 0, 0, 0.13%, 7, 0, 5, 1715.55
1572599710, 411, 11, 31, 0, 0, 0.13%, 7, 0, 5, 1676.00
1572599715, 412, 4, 31, 0, 0, 0.13%, 7, 0, 5, 1724.59
1572599720, 413, 10, 31, 0, 0, 0.13%, 7, 0, 5, 1705.12
1572599725, 414, 10, 31, 0, 0, 0.13%, 7, 0, 5, 1711.91
1572599730, 414, 28, 31, 0, 0, 0.13%, 7, 0, 5, 1749.90
1572599735, 415, 31, 32, 1, 1, 0.13%, 7, 0, 5, 1752.00
1572599741, 416, 12, 32, 0, 0, 0.13%, 7, 0, 5, 1622.85
1572599746, 416, 31, 32, 0, 0, 0.13%, 7, 0, 5, 1748.92
1572599751, 417, 25, 32, 0, 0, 0.13%, 7, 0, 5, 1755.24
1572599756, 418, 11, 32, 0, 0, 0.13%, 7, 0, 5, 1763.06
1572599761, 418, 31, 32, 0, 0, 0.13%, 7, 0, 5, 1727.06
1572599766, 419, 25, 32, 0, 0, 0.13%, 7, 0, 5, 1735.02
1572599771, 420, 11, 32, 0, 0, 0.13%, 7, 0, 5, 1726.99
1572599776, 420, 28, 32, 0, 0, 0.13%, 7, 0, 5, 1756.61
1572599781, 421, 6, 32, 0, 0, 0.13%, 7, 0, 5, 1705.59
1572599786, 421, 31, 32, 0, 0, 0.13%, 7, 0, 5, 1735.20
1572599791, 422, 21, 32, 0, 0, 0.13%, 7, 0, 5, 1739.81
1572599797, 423, 9, 32, 0, 0, 0.13%, 7, 0, 5, 1774.04
1572599802, 423, 31, 32, 0, 0, 0.13%, 7, 0, 5, 1774.47
1572599807, 424, 21, 32, 0, 0, 0.13%, 7, 0, 5, 1740.18
1572599812, 425, 7, 32, 0, 0, 0.13%, 7, 0, 5, 1778.36
1572599817, 425, 31, 32, 0, 0, 0.13%, 7, 0, 5, 1765.89
1572599822, 426, 25, 32, 0, 0, 0.13%, 7, 0, 5, 1743.20
1572599827, 427, 10, 32, 0, 0, 0.13%, 7, 0, 5, 1682.28
1572599832, 427, 31, 32, 0, 0, 0.13%, 7, 0, 5, 1703.60
1572599837, 428, 25, 32, 0, 0, 0.13%, 7, 0, 5, 1710.84
1572599842, 429, 10, 32, 0, 0, 0.13%, 7, 0, 5, 1731.58
1572599847, 429, 31, 32, 0, 0, 0.13%, 7, 0, 5, 1711.82
1572599852, 430, 25, 32, 0, 0, 0.13%, 7, 0, 5, 1703.45
1572599858, 431, 11, 32, 0, 0, 0.13%, 7, 0, 5, 1737.58
1572599863, 431, 31, 32, 0, 0, 0.13%, 7, 0, 5, 1757.03
1572599868, 432, 25, 32, 0, 0, 0.13%, 7, 0, 5, 1738.97
1572599873, 433, 12, 32, 0, 0, 0.13%, 7, 0, 5, 1702.33
1572599878, 433, 31, 32, 0, 0, 0.13%, 7, 0, 5, 1764.19
1572599883, 434, 25, 32, 0, 0, 0.13%, 7, 0, 5, 1748.90
1572599888, 435, 4, 32, 0, 0, 0.13%, 7, 0, 5, 1757.83
1572599893, 435, 31, 32, 0, 0, 0.13%, 7, 0, 5, 1772.12
1572599898, 436, 21, 32, 0, 0, 0.13%, 7, 0, 5, 1669.22
1572599904, 437, 4, 32, 0, 0, 0.13%, 7, 0, 5, 1734.16
1572599909, 437, 31, 32, 0, 0, 0.13%, 7, 0, 5, 1724.97
1572599914, 438, 15, 32, 0, 0, 0.13%, 7, 0, 5, 1721.20
1572599919, 438, 30, 32, 0, 0, 0.13%, 7, 0, 5, 1725.38
1572599924, 439, 10, 32, 0, 0, 0.13%, 7, 0, 5, 1712.99
1572599929, 439, 31, 32, 0, 0, 0.13%, 7, 0, 5, 1718.98
1572599934, 440, 25, 32, 0, 0, 0.13%, 7, 0, 5, 1742.59
1572599939, 440, 31, 32, 0, 0, 0.13%, 7, 0, 5, 1717.60
1572599944, 441, 18, 32, 0, 0, 0.13%, 7, 0, 5, 1680.43
1572599949, 442, 4, 32, 0, 0, 0.13%, 7, 0, 5, 1716.91
1572599954, 442, 31, 32, 0, 0, 0.13%, 7, 0, 5, 1750.24
1572599960, 443, 15, 32, 0, 0, 0.13%, 7, 0, 5, 1724.36
1572599965, 444, 0, 32, 0, 0, 0.13%, 7, 0, 5, 1730.87
1572599970, 444, 28, 32, 0, 0, 0.13%, 7, 0, 5, 1735.02
1572599975, 444, 31, 32, 0, 0, 0.13%, 7, 0, 5, 1751.70
1572599980, 445, 27, 32, 0, 0, 0.13%, 7, 0, 5, 1675.92
1572599985, 446, 3, 32, 0, 0, 0.13%, 7, 0, 5, 1711.62
1572599990, 446, 31, 32, 0, 0, 0.13%, 7, 0, 5, 1734.70
1572599995, 447, 25, 32, 0, 0, 0.13%, 7, 0, 5, 1698.72
1572600000, 448, 10, 32, 0, 0, 0.13%, 7, 0, 5, 1689.42
1572600005, 448, 31, 32, 0, 0, 0.13%, 7, 0, 5, 1708.40
1572600010, 449, 11, 32, 0, 0, 0.13%, 7, 0, 5, 1700.81
1572600015, 449, 31, 32, 0, 0, 0.13%, 7, 0, 5, 1752.72
1572600021, 450, 25, 32, 0, 0, 0.13%, 7, 0, 5, 1771.41
1572600026, 451, 15, 32, 0, 0, 0.13%, 7, 0, 5, 1797.09
1572600031, 452, 2, 32, 0, 0, 0.13%, 7, 0, 5, 1767.46
1572600036, 452, 31, 32, 0, 0, 0.13%, 7, 0, 5, 1779.75
1572600041, 453, 15, 32, 0, 0, 0.13%, 7, 0, 5, 1756.93
1572600046, 453, 31, 32, 0, 0, 0.13%, 7, 0, 5, 1537.20
1572600051, 454, 25, 32, 0, 0, 0.13%, 7, 0, 5, 1588.71
1572600056, 455, 11, 32, 0, 0, 0.13%, 7, 0, 5, 1655.27
1572600061, 455, 31, 32, 0, 0, 0.13%, 7, 0, 5, 1669.70
1572600066, 456, 25, 32, 0, 0, 0.13%, 7, 0, 5, 1505.25
1572600071, 456, 31, 32, 0, 0, 0.13%, 7, 0, 5, 1460.74
1572600076, 457, 12, 32, 0, 0, 0.13%, 7, 0, 5, 1418.34
1572600081, 457, 31, 32, 0, 0, 0.13%, 7, 0, 5, 1482.07
1572600086, 458, 21, 32, 0, 0, 0.13%, 7, 0, 5, 1471.18
1572600091, 458, 31, 32, 0, 0, 0.13%, 7, 0, 5, 1675.37
1572600096, 459, 18, 32, 0, 0, 0.13%, 7, 0, 5, 1703.69
1572600101, 459, 31, 32, 0, 0, 0.13%, 7, 0, 5, 1625.28
1572600107, 460, 12, 32, 0, 0, 0.13%, 7, 0, 5, 1657.90
1572600112, 460, 31, 32, 0, 0, 0.13%, 7, 0, 5, 1687.63
1572600117, 461, 21, 32, 0, 0, 0.13%, 7, 0, 5, 1686.64
1572600122, 462, 4, 32, 0, 0, 0.13%, 7, 0, 5, 1595.68
1572600127, 462, 31, 32, 0, 0, 0.13%, 7, 0, 5, 1583.17
1572600132, 463, 9, 32, 0, 0, 0.13%, 7, 0, 5, 1403.75
1572600137, 463, 31, 32, 0, 0, 0.13%, 7, 0, 5, 1496.17
1572600142, 464, 15, 32, 0, 0, 0.13%, 7, 0, 5, 1509.34
1572600147, 465, 3, 32, 0, 0, 0.13%, 7, 0, 5, 1654.69
1572600153, 465, 31, 32, 0, 0, 0.13%, 7, 0, 5, 1621.73
1572600158, 466, 12, 32, 0, 0, 0.13%, 7, 0, 5, 1597.53
1572600163, 466, 31, 32, 0, 0, 0.13%, 7, 0, 5, 1653.16
1572600168, 467, 25, 32, 0, 0, 0.13%, 7, 0, 5, 1626.15
1572600173, 467, 31, 32, 0, 0, 0.13%, 7, 0, 5, 1648.01
1572600178, 468, 16, 32, 0, 0, 0.13%, 7, 0, 5, 1617.39
1572600183, 469, 2, 32, 0, 0, 0.13%, 7, 0, 5, 1533.82
1572600188, 469, 27, 32, 0, 0, 0.13%, 7, 0, 5, 1603.38
1572600193, 470, 4, 32, 0, 0, 0.13%, 7, 0, 5, 1686.57
1572600198, 470, 31, 32, 0, 0, 0.13%, 7, 0, 5, 1700.35
1572600203, 471, 15, 32, 0, 0, 0.13%, 7, 0, 5, 1693.49
1572600208, 472, 0, 32, 0, 0, 0.13%, 7, 0, 5, 1680.03
1572600213, 472, 25, 32, 0, 0, 0.13%, 7, 0, 5, 1628.41
1572600218, 472, 31, 32, 0, 0, 0.13%, 7, 0, 5, 1696.39
1572600223, 473, 25, 32, 0, 0, 0.13%, 7, 0, 5, 1646.23
1572600228, 474, 4, 32, 0, 0, 0.13%, 7, 0, 5, 1539.50
1572600234, 474, 31, 32, 0, 0, 0.13%, 7, 0, 5, 1637.00
1572600239, 475, 12, 32, 0, 0, 0.13%, 7, 0, 5, 1696.49
1572600244, 475, 31, 32, 0, 0, 0.13%, 7, 0, 5, 1606.61
1572600249, 476, 25, 32, 0, 0, 0.13%, 7, 0, 5, 1681.23
1572600254, 477, 3, 32, 0, 0, 0.13%, 7, 0, 5, 1516.27
1572600259, 477, 29, 32, 0, 0, 0.13%, 7, 0, 5, 1587.81
1572600264, 478, 4, 32, 0, 0, 0.13%, 7, 0, 5, 1554.47
1572600269, 478, 31, 32, 0, 0, 0.13%, 7, 0, 5, 1540.39
1572600274, 479, 12, 32, 0, 0, 0.13%, 7, 0, 5, 1601.10
1572600279, 479, 31, 32, 0, 0, 0.13%, 7, 0, 5, 1596.46
1572600285, 480, 25, 32, 0, 0, 0.13%, 7, 0, 5, 1518.48
1572600290, 481, 11, 32, 0, 0, 0.13%, 7, 0, 5, 1551.87
1572600295, 481, 31, 32, 0, 0, 0.13%, 7, 0, 5, 1664.33
1572600300, 482, 25, 32, 0, 0, 0.13%, 7, 0, 5, 1616.26
1572600305, 483, 9, 32, 0, 0, 0.13%, 7, 0, 5, 1521.86
1572600310, 483, 31, 32, 0, 0, 0.13%, 7, 0, 5, 1607.87
1572600315, 484, 16, 32, 0, 0, 0.13%, 7, 0, 5, 1605.78
1572600320, 484, 31, 32, 0, 0, 0.13%, 7, 0, 5, 1561.36
1572600325, 485, 25, 32, 0, 0, 0.13%, 7, 0, 5, 1566.35
1572600330, 486, 9, 32, 0, 0, 0.13%, 7, 0, 5, 1655.91
1572600335, 486, 31, 32, 0, 0, 0.13%, 7, 0, 5, 1568.61
1572600340, 487, 11, 32, 0, 0, 0.13%, 7, 0, 5, 1482.66
1572600345, 487, 31, 32, 0, 0, 0.13%, 7, 0, 5, 1570.92
1572600351, 488, 25, 32, 0, 0, 0.13%, 7, 0, 5, 1612.15
1572600356, 489, 4, 32, 0, 0, 0.13%, 7, 0, 5, 1541.57
1572600361, 489, 31, 32, 0, 0, 0.13%, 7, 0, 5, 1509.48
1572600366, 490, 11, 32, 0, 0, 0.13%, 7, 0, 5, 1609.86
1572600371, 490, 30, 32, 0, 0, 0.13%, 7, 0, 5, 1632.21
1572600376, 491, 3, 32, 0, 0, 0.13%, 7, 0, 5, 1584.42
1572600381, 491, 31, 32, 0, 0, 0.13%, 8, 0, 5, 1621.17
1572600386, 492, 15, 32, 0, 0, 0.13%, 8, 0, 5, 1650.47
1572600391, 492, 31, 32, 0, 0, 0.13%, 8, 0, 5, 1590.74
1572600396, 493, 31, 32, 0, 0, 0.13%, 8, 0, 5, 1634.99
1572600401, 494, 11, 32, 0, 0, 0.13%, 8, 0, 5, 1566.05
1572600406, 494, 31, 32, 0, 0, 0.13%, 8, 0, 5, 1639.81
1572600411, 495, 15, 32, 0, 0, 0.13%, 8, 0, 5, 1570.35
1572600416, 495, 31, 32, 0, 0, 0.13%, 8, 0, 5, 1561.56
1572600421, 496, 15, 32, 0, 0, 0.13%, 8, 0, 5, 1596.30
1572600426, 496, 31, 32, 0, 0, 0.13%, 8, 0, 5, 1525.55
1572600431, 497, 27, 32, 0, 0, 0.13%, 8, 0, 5, 1582.15
1572600436, 497, 31, 32, 0, 0, 0.13%, 8, 0, 5, 1598.20
1572600441, 498, 31, 32, 0, 0, 0.13%, 8, 0, 5, 1675.69
1572600446, 499, 15, 32, 0, 0, 0.13%, 8, 0, 5, 1704.40
1572600451, 500, 4, 32, 0, 0, 0.13%, 8, 0, 5, 1731.18
1572600457, 500, 31, 32, 0, 0, 0.13%, 8, 0, 5, 1720.38
1572600462, 501, 15, 32, 0, 0, 0.13%, 8, 0, 5, 1630.21
1572600467, 501, 31, 32, 0, 0, 0.13%, 8, 0, 5, 1658.28
1572600472, 502, 31, 32, 0, 0, 0.13%, 8, 0, 5, 1681.37
1572600477, 503, 11, 32, 0, 0, 0.13%, 8, 0, 5, 1638.52
1572600482, 503, 31, 32, 0, 0, 0.13%, 8, 0, 5, 1733.91
1572600487, 504, 31, 32, 0, 0, 0.13%, 8, 0, 5, 1679.96
1572600492, 505, 12, 32, 0, 0, 0.13%, 8, 0, 5, 1628.92
1572600497, 505, 31, 32, 0, 0, 0.13%, 8, 0, 5, 1691.06
1572600502, 506, 25, 32, 0, 0, 0.13%, 8, 0, 5, 1689.28
1572600508, 507, 9, 32, 0, 0, 0.13%, 8, 0, 5, 1709.25
1572600513, 507, 31, 32, 0, 0, 0.13%, 8, 0, 5, 1673.14
1572600518, 508, 25, 32, 0, 0, 0.13%, 8, 0, 5, 1685.45
1572600523, 509, 10, 32, 0, 0, 0.13%, 8, 0, 5, 1675.19
1572600529, 509, 31, 32, 0, 0, 0.13%, 8, 0, 5, 28.19
1572600534, 510, 21, 32, 0, 0, 0.13%, 8, 0, 5, 1621.55
1572600539, 511, 4, 32, 0, 0, 0.13%, 8, 0, 5, 1660.12
1572600544, 511, 31, 32, 0, 0, 0.13%, 8, 0, 5, 1659.89
1572600549, 512, 10, 32, 0, 0, 0.13%, 8, 0, 5, 1615.58
1572600554, 512, 30, 32, 0, 0, 0.13%, 8, 0, 5, 1652.23
1572600559, 513, 9, 32, 0, 0, 0.13%, 8, 0, 5, 1628.35
1572600564, 513, 31, 32, 0, 0, 0.13%, 8, 0, 5, 1700.52
1572600569, 514, 12, 32, 0, 0, 0.13%, 8, 0, 5, 1591.70
1572600574, 514, 31, 32, 0, 0, 0.13%, 8, 0, 5, 1607.33
1572600580, 515, 31, 32, 0, 0, 0.13%, 8, 0, 5, 1645.33
1572600585, 516, 12, 32, 0, 0, 0.13%, 8, 0, 5, 1582.90
1572600590, 516, 31, 32, 0, 0, 0.13%, 8, 0, 5, 1688.83
1572600595, 517, 25, 32, 0, 0, 0.13%, 8, 0, 5, 1658.82
1572600600, 518, 11, 32, 0, 0, 0.13%, 8, 0, 5, 1606.44
1572600605, 519, 3, 32, 0, 0, 0.13%, 8, 0, 5, 1668.83
1572600610, 519, 31, 32, 0, 0, 0.13%, 8, 0, 5, 1652.91
1572600615, 520, 25, 32, 0, 0, 0.13%, 8, 0, 5, 1655.27
1572600620, 520, 31, 32, 0, 0, 0.13%, 8, 0, 5, 1662.50
1572600625, 521, 31, 32, 0, 0, 0.13%, 8, 0, 5, 1641.53
1572600630, 522, 25, 32, 0, 0, 0.13%, 8, 0, 5, 1588.92
1572600636, 523, 24, 32, 0, 0, 0.13%, 8, 0, 5, 1647.71
1572600641, 524, 15, 32, 0, 0, 0.13%, 8, 0, 5, 1735.63
1572600646, 525, 15, 32, 0, 0, 0.13%, 8, 0, 5, 1674.41
1572600651, 526, 11, 32, 0, 0, 0.13%, 8, 0, 5, 1593.52
1572600656, 526, 28, 32, 0, 0, 0.13%, 8, 0, 5, 1670.50
1572600661, 527, 23, 32, 0, 0, 0.13%, 8, 0, 5, 1650.85
1572600666, 528, 16, 32, 0, 0, 0.13%, 8, 0, 5, 1621.96
1572600671, 529, 15, 32, 0, 0, 0.13%, 8, 0, 5, 1597.27
1572600676, 530, 4, 32, 0, 0, 0.13%, 8, 0, 5, 1628.50
1572600681, 531, 4, 32, 0, 0, 0.13%, 8, 0, 5, 1654.81
1572600687, 532, 3, 32, 0, 0, 0.13%, 8, 0, 5, 1598.86
1572600692, 532, 31, 32, 0, 0, 0.13%, 8, 0, 5, 1567.45
1572600697, 533, 25, 32, 0, 0, 0.13%, 8, 0, 5, 1639.09
1572600702, 534, 11, 32, 0, 0, 0.13%, 8, 0, 5, 1567.57
1572600707, 535, 11, 32, 0, 0, 0.13%, 8, 0, 5, 1681.39
1572600712, 536, 10, 32, 0, 0, 0.13%, 8, 0, 5, 1661.72
1572600717, 537, 11, 32, 0, 0, 0.13%, 8, 0, 5, 1656.63
1572600722, 538, 4, 32, 0, 0, 0.13%, 8, 0, 5, 1631.75
1572600727, 539, 3, 32, 0, 0, 0.13%, 8, 0, 5, 1689.40
1572600732, 539, 29, 32, 0, 0, 0.13%, 8, 0, 5, 1739.32
1572600738, 540, 25, 32, 0, 0, 0.13%, 8, 0, 5, 1769.62
1572600743, 541, 25, 32, 0, 0, 0.13%, 8, 0, 5, 1788.25
1572600748, 542, 24, 32, 0, 0, 0.13%, 8, 0, 5, 1781.19
1572600753, 543, 11, 32, 0, 0, 0.13%, 8, 0, 5, 1772.58
1572600758, 544, 11, 32, 0, 0, 0.13%, 8, 0, 5, 1691.92
1572600763, 545, 11, 32, 0, 0, 0.13%, 8, 0, 5, 1720.57
1572600768, 546, 9, 32, 0, 0, 0.13%, 8, 0, 5, 1735.08
1572600773, 546, 28, 32, 0, 0, 0.13%, 8, 0, 5, 1692.90
1572600778, 547, 11, 32, 0, 0, 0.13%, 8, 0, 5, 1681.57
1572600783, 547, 28, 32, 0, 0, 0.13%, 8, 0, 5, 1730.44
1572600788, 548, 15, 32, 0, 0, 0.13%, 8, 0, 5, 1742.36
1572600794, 549, 12, 32, 0, 0, 0.13%, 8, 0, 5, 1708.02
1572600799, 550, 10, 32, 0, 0, 0.13%, 8, 0, 5, 1641.70
1572600804, 551, 10, 32, 0, 0, 0.13%, 8, 0, 5, 1699.53
1572600809, 552, 1, 32, 0, 0, 0.13%, 8, 0, 5, 1695.70
1572600814, 552, 31, 32, 0, 0, 0.13%, 8, 0, 5, 1742.22
1572600819, 553, 25, 32, 0, 0, 0.13%, 8, 0, 5, 1704.03
1572600824, 554, 25, 32, 0, 0, 0.13%, 8, 0, 5, 1749.67
1572600829, 555, 9, 32, 0, 0, 0.13%, 8, 0, 5, 1717.86
1572600834, 556, 3, 32, 0, 0, 0.13%, 8, 0, 5, 1705.08
1572600839, 557, 3, 32, 0, 0, 0.13%, 8, 0, 5, 1698.70
1572600844, 558, 3, 32, 0, 0, 0.13%, 8, 0, 5, 1735.23
1572600850, 559, 0, 32, 0, 0, 0.13%, 8, 0, 5, 1646.05
1572600855, 559, 27, 32, 0, 0, 0.13%, 8, 0, 5, 1659.52
1572600860, 560, 14, 32, 0, 0, 0.13%, 8, 0, 5, 1671.34
1572600865, 561, 4, 32, 0, 0, 0.13%, 8, 0, 5, 1698.92
1572600870, 562, 10, 32, 0, 0, 0.13%, 8, 0, 5, 1745.63
1572600875, 563, 1, 32, 0, 0, 0.13%, 8, 0, 5, 1767.15
1572600880, 564, 3, 32, 0, 0, 0.13%, 8, 0, 5, 1768.99
1572600885, 565, 3, 32, 0, 0, 0.13%, 8, 0, 5, 1694.14
1572600890, 565, 31, 32, 0, 0, 0.13%, 8, 0, 5, 1673.52
1572600895, 566, 31, 32, 0, 0, 0.13%, 8, 0, 5, 1673.69
1572600900, 567, 31, 32, 0, 0, 0.13%, 8, 0, 5, 1673.18
1572600905, 568, 25, 32, 0, 0, 0.13%, 8, 0, 5, 1618.06
1572600910, 569, 25, 32, 0, 0, 0.13%, 8, 0, 5, 1657.04
1572600915, 570, 21, 32, 0, 0, 0.13%, 8, 0, 5, 1665.20
1572600921, 571, 15, 32, 0, 0, 0.13%, 8, 0, 5, 1682.30
1572600926, 572, 12, 32, 0, 0, 0.13%, 8, 0, 5, 1629.19
1572600931, 573, 12, 32, 0, 0, 0.13%, 8, 0, 5, 1720.48
1572600936, 574, 12, 32, 0, 0, 0.13%, 8, 0, 5, 1676.07
1572600941, 575, 6, 32, 0, 0, 0.13%, 8, 0, 5, 1627.25
1572600946, 575, 31, 32, 0, 0, 0.13%, 8, 0, 5, 1650.49
1572600951, 576, 31, 32, 0, 0, 0.13%, 8, 0, 5, 1687.59
1572600956, 577, 27, 32, 0, 0, 0.13%, 8, 0, 5, 1725.52
1572600961, 578, 21, 32, 0, 0, 0.13%, 8, 0, 5, 1739.30
1572600966, 579, 25, 32, 0, 0, 0.13%, 8, 0, 5, 1728.99
1572600971, 580, 16, 32, 0, 0, 0.13%, 8, 0, 5, 1658.64
1572600977, 581, 15, 32, 0, 0, 0.13%, 8, 0, 5, 1690.84
1572600982, 582, 11, 32, 0, 0, 0.13%, 8, 0, 5, 1712.74
1572600987, 583, 12, 32, 0, 0, 0.13%, 8, 0, 5, 1728.62
1572600992, 584, 13, 32, 0, 0, 0.13%, 8, 0, 5, 1740.79
1572600997, 585, 12, 32, 0, 0, 0.13%, 8, 0, 5, 1719.23
1572601002, 586, 11, 32, 0, 0, 0.13%, 8, 0, 5, 1638.43
1572601007, 587, 11, 32, 0, 0, 0.13%, 8, 0, 5, 1687.67
1572601012, 588, 10, 32, 0, 0, 0.13%, 8, 0, 5, 1669.88
1572601017, 588, 28, 32, 0, 0, 0.13%, 8, 0, 5, 1712.84
1572601022, 589, 3, 32, 0, 0, 0.13%, 8, 0, 5, 1712.98
1572601028, 590, 3, 32, 0, 0, 0.13%, 8, 0, 5, 1681.33
1572601033, 591, 2, 32, 0, 0, 0.13%, 8, 0, 5, 1713.81
1572601038, 592, 2, 32, 0, 0, 0.13%, 8, 0, 5, 1717.21
1572601043, 592, 29, 32, 0, 0, 0.13%, 8, 0, 5, 1734.31
1572601048, 593, 25, 32, 0, 0, 0.13%, 8, 0, 5, 1735.24
1572601053, 594, 17, 32, 0, 0, 0.13%, 8, 0, 5, 1745.74
1572601058, 595, 21, 32, 0, 0, 0.13%, 8, 0, 5, 1727.22
1572601063, 596, 15, 32, 0, 0, 0.13%, 8, 0, 5, 1721.97
1572601068, 597, 15, 32, 0, 0, 0.13%, 8, 0, 5, 1666.04
1572601074, 598, 15, 32, 0, 0, 0.13%, 8, 0, 5, 1713.30
1572601079, 599, 15, 32, 0, 0, 0.13%, 8, 0, 5, 1743.96
1572601084, 600, 15, 32, 0, 0, 0.13%, 8, 0, 5, 1741.43
1572601089, 600, 31, 32, 0, 0, 0.13%, 8, 0, 5, 1738.90
1572601094, 601, 25, 32, 0, 0, 0.13%, 8, 0, 5, 1741.13
1572601099, 602, 25, 32, 0, 0, 0.13%, 8, 0, 5, 1717.74
1572601104, 603, 18, 32, 0, 0, 0.13%, 8, 0, 5, 1729.07
1572601109, 604, 10, 32, 0, 0, 0.13%, 8, 0, 5, 1692.83
1572601114, 605, 9, 32, 0, 0, 0.13%, 8, 0, 5, 1734.08
1572601119, 606, 3, 32, 0, 0, 0.13%, 8, 0, 5, 1734.39
1572601124, 607, 0, 32, 0, 0, 0.13%, 8, 0, 5, 1733.55
1572601129, 608, 0, 32, 0, 0, 0.13%, 8, 0, 5, 1689.74
1572601134, 609, 1, 32, 0, 0, 0.13%, 8, 0, 5, 1733.38
1572601139, 609, 30, 32, 0, 0, 0.13%, 8, 0, 5, 1709.08
1572601145, 610, 11, 32, 0, 0, 0.13%, 8, 0, 5, 1694.71
1572601150, 611, 12, 32, 0, 0, 0.13%, 8, 0, 5, 1711.29
1572601155, 611, 28, 32, 0, 0, 0.13%, 8, 0, 5, 1728.79
1572601160, 612, 25, 32, 0, 0, 0.13%, 8, 0, 5, 1737.91
1572601165, 613, 21, 32, 0, 0, 0.13%, 8, 0, 5, 1666.51
1572601170, 614, 16, 32, 0, 0, 0.13%, 8, 0, 5, 1714.91
1572601175, 615, 12, 32, 0, 0, 0.13%, 8, 0, 5, 1639.58
1572601180, 616, 12, 32, 0, 0, 0.13%, 8, 0, 5, 1691.69
1572601185, 617, 11, 32, 0, 0, 0.13%, 8, 0, 5, 1723.02
1572601190, 618, 12, 32, 0, 0, 0.13%, 8, 0, 5, 1734.88
1572601195, 618, 30, 32, 0, 0, 0.13%, 8, 0, 5, 1740.17
1572601200, 619, 21, 32, 0, 0, 0.13%, 8, 0, 5, 1670.52
1572601205, 620, 21, 32, 0, 0, 0.13%, 8, 0, 5, 1542.55
1572601211, 621, 16, 32, 0, 0, 0.13%, 8, 0, 5, 1593.21
1572601216, 622, 16, 32, 0, 0, 0.13%, 8, 0, 5, 1648.24
1572601221, 623, 13, 32, 0, 0, 0.13%, 8, 0, 5, 1643.22
1572601226, 624, 10, 32, 0, 0, 0.13%, 8, 0, 5, 1371.57
1572601231, 625, 10, 32, 0, 0, 0.13%, 8, 0, 5, 1605.14
