# unix_time, cycles_done, cur_path, paths_total, pending_total, pending_favs, map_size, unique_crashes, unique_hangs, max_depth, execs_per_sec
1572597156, 0, 0, 1, 1, 1, 0.01%, 0, 0, 1, 1333.33
1572597161, 1, 5, 22, 7, 0, 0.10%, 4, 0, 2, 1835.40
1572597166, 2, 6, 22, 5, 0, 0.10%, 4, 0, 2, 1963.58
1572597171, 3, 8, 22, 4, 0, 0.10%, 4, 0, 2, 1953.51
1572597176, 4, 9, 22, 2, 0, 0.10%, 4, 0, 2, 1975.11
1572597181, 5, 7, 22, 0, 0, 0.10%, 4, 0, 2, 1900.96
1572597187, 6, 11, 22, 0, 0, 0.10%, 4, 0, 2, 1933.61
1572597192, 7, 13, 22, 0, 0, 0.10%, 4, 0, 2, 1935.59
1572597197, 8, 15, 23, 1, 0, 0.10%, 4, 0, 2, 1889.08
1572597202, 9, 18, 23, 1, 0, 0.10%, 4, 0, 2, 1944.57
1572597207, 10, 15, 23, 0, 0, 0.10%, 4, 0, 2, 1878.68
1572597212, 11, 15, 23, 0, 0, 0.10%, 4, 0, 2, 1921.15
1572597218, 12, 17, 23, 0, 0, 0.10%, 4, 0, 2, 1916.43
1572597223, 13, 13, 23, 0, 0, 0.10%, 4, 0, 2, 1752.41
1572597228, 14, 11, 23, 0, 0, 0.10%, 4, 0, 2, 1788.28
1572597233, 15, 9, 23, 0, 0, 0.10%, 4, 0, 2, 1625.58
1572597238, 16, 9, 23, 0, 0, 0.10%, 4, 0, 2, 1925.00
1572597243, 17, 9, 23, 0, 0, 0.10%, 4, 0, 2, 1834.35
1572597248, 18, 11, 23, 0, 0, 0.10%, 4, 0, 2, 1852.59
1572597253, 19, 9, 23, 0, 0, 0.10%, 4, 0, 2, 1911.01
1572597259, 20, 9, 23, 0, 0, 0.10%, 4, 0, 2, 1894.79
1572597264, 21, 9, 23, 0, 0, 0.10%, 4, 0, 2, 1761.96
1572597269, 22, 7, 23, 0, 0, 0.10%, 4, 0, 2, 1643.73
1572597274, 23, 5, 23, 0, 0, 0.10%, 4, 0, 2, 1507.73
1572597279, 24, 4, 23, 0, 0, 0.10%, 4, 0, 2, 1642.24
1572597284, 25, 4, 23, 0, 0, 0.10%, 4, 0, 2, 1728.20
1572597290, 26, 4, 23, 0, 0, 0.10%, 4, 0, 2, 1721.97
1572597295, 26, 21, 23, 0, 0, 0.10%, 4, 0, 2, 1667.34
1572597300, 27, 18, 23, 0, 0, 0.10%, 5, 0, 2, 1661.01
1572597305, 28, 18, 24, 1, 0, 0.10%, 5, 0, 2, 1747.08
1572597310, 29, 18, 24, 1, 0, 0.10%, 5, 0, 2, 1796.55
1572597315, 30, 17, 24, 1, 0, 0.10%, 5, 0, 2, 1722.18
1572597320, 31, 15, 24, 1, 0, 0.10%, 5, 0, 2, 1673.17
1572597325, 32, 13, 24, 1, 0, 0.10%, 5, 0, 2, 1715.04
1572597330, 33, 12, 24, 1, 0, 0.10%, 5, 0, 2, 1719.33
1572597335, 34, 9, 24, 1, 0, 0.10%, 5, 0, 2, 1636.94
1572597340, 35, 7, 24, 1, 0, 0.10%, 5, 0, 2, 1620.32
