# unix_time, cycles_done, cur_path, paths_total, pending_total, pending_favs, map_size, unique_crashes, unique_hangs, max_depth, execs_per_sec
1572597374, 0, 0, 1, 1, 1, 0.01%, 0, 0, 1, 800.00
1572597379, 8, 3, 4, 1, 1, 0.02%, 0, 0, 2, 1366.59
1572597384, 12, 1, 5, 0, 0, 0.03%, 1, 0, 2, 1807.86
1572597389, 18, 1, 5, 0, 0, 0.03%, 1, 0, 2, 1842.73
1572597394, 24, 4, 5, 0, 0, 0.03%, 1, 0, 2, 1900.21
1572597399, 31, 2, 5, 0, 0, 0.03%, 1, 0, 2, 1930.58
1572597404, 31, 5, 14, 9, 1, 0.09%, 2, 0, 3, 1682.01
1572597409, 31, 8, 19, 12, 7, 0.10%, 3, 0, 3, 1657.19
1572597414, 31, 15, 22, 12, 6, 0.10%, 4, 0, 4, 1660.50
1572597419, 31, 18, 22, 9, 3, 0.10%, 4, 0, 4, 1557.97
1572597425, 31, 21, 22, 7, 1, 0.10%, 4, 0, 4, 1566.09
1572597430, 32, 10, 22, 6, 0, 0.10%, 4, 0, 4, 1617.14
1572597435, 32, 16, 22, 5, 0, 0.10%, 4, 0, 4, 1670.86
1572597440, 32, 20, 22, 5, 0, 0.10%, 4, 0, 4, 1699.19
1572597445, 33, 7, 22, 4, 0, 0.10%, 4, 0, 4, 1701.87
1572597450, 33, 12, 22, 4, 0, 0.10%, 4, 0, 4, 1656.82
1572597455, 33, 15, 22, 2, 0, 0.10%, 4, 0, 4, 1606.16
1572597460, 33, 18, 22, 2, 0, 0.10%, 5, 0, 4, 1560.96
1572597466, 34, 7, 22, 2, 0, 0.10%, 5, 0, 4, 1692.69
1572597471, 34, 9, 23, 3, 0, 0.11%, 5, 0, 4, 1669.80
1572597476, 34, 15, 23, 2, 0, 0.11%, 5, 0, 4, 1437.51
1572597481, 34, 18, 23, 2, 0, 0.11%, 5, 0, 4, 1704.11
1572597486, 34, 22, 23, 2, 0, 0.11%, 5, 0, 4, 1667.68
1572597491, 35, 8, 23, 1, 0, 0.11%, 5, 0, 4, 1670.40
1572597496, 35, 16, 23, 1, 0, 0.11%, 5, 0, 4, 1644.39
1572597501, 35, 20, 23, 1, 0, 0.11%, 5, 0, 4, 1714.85
1572597506, 36, 7, 23, 1, 0, 0.11%, 5, 0, 4, 1668.65
1572597511, 36, 16, 23, 1, 0, 0.11%, 5, 0, 4, 1705.27
1572597516, 36, 18, 23, 1, 0, 0.11%, 5, 0, 4, 1691.44
1572597521, 37, 7, 23, 1, 0, 0.11%, 5, 0, 4, 1688.26
1572597526, 37, 15, 23, 1, 0, 0.11%, 5, 0, 4, 1708.26
1572597531, 37, 18, 23, 1, 0, 0.11%, 5, 0, 4, 1713.52
1572597536, 37, 21, 23, 1, 0, 0.11%, 5, 0, 4, 1628.58
1572597542, 38, 17, 23, 1, 0, 0.11%, 5, 0, 4, 1678.22
1572597547, 38, 19, 23, 1, 0, 0.11%, 5, 0, 4, 1707.89
1572597552, 39, 8, 23, 0, 0, 0.11%, 5, 0, 4, 1712.76
1572597557, 39, 20, 23, 0, 0, 0.11%, 5, 0, 4, 1647.11
1572597562, 40, 11, 23, 0, 0, 0.11%, 5, 0, 4, 1714.98
1572597567, 40, 18, 23, 0, 0, 0.11%, 5, 0, 4, 1712.34
1572597572, 41, 17, 23, 0, 0, 0.11%, 5, 0, 4, 1698.61
1572597577, 42, 7, 23, 0, 0, 0.11%, 5, 0, 4, 1708.53
1572597582, 42, 21, 23, 0, 0, 0.11%, 5, 0, 4, 1692.96
1572597587, 44, 0, 23, 0, 0, 0.11%, 5, 0, 4, 1710.30
1572597592, 44, 20, 23, 0, 0, 0.11%, 5, 0, 4, 1729.31
1572597597, 45, 20, 23, 0, 0, 0.11%, 5, 0, 4, 1731.01
1572597603, 46, 8, 23, 0, 0, 0.11%, 5, 0, 4, 1741.19
1572597608, 47, 13, 23, 0, 0, 0.11%, 5, 0, 4, 1711.20
1572597613, 48, 10, 23, 0, 0, 0.11%, 5, 0, 4, 1705.52
1572597618, 49, 13, 23, 0, 0, 0.11%, 5, 0, 4, 1716.61
1572597623, 50, 9, 23, 0, 0, 0.11%, 5, 0, 4, 1733.04
1572597628, 51, 8, 23, 0, 0, 0.11%, 5, 0, 4, 1717.73
1572597633, 52, 13, 23, 0, 0, 0.11%, 5, 0, 4, 1708.38
1572597639, 52, 19, 23, 0, 0, 0.11%, 5, 0, 4, 1707.28
1572597644, 53, 17, 23, 0, 0, 0.11%, 5, 0, 4, 1703.12
1572597649, 54, 12, 23, 0, 0, 0.11%, 5, 0, 4, 1690.92
1572597654, 55, 8, 23, 0, 0, 0.11%, 5, 0, 4, 1721.01
1572597659, 56, 11, 23, 0, 0, 0.11%, 5, 0, 4, 1710.35
1572597664, 57, 7, 23, 0, 0, 0.11%, 5, 0, 4, 1707.93
1572597669, 58, 8, 23, 0, 0, 0.11%, 5, 0, 4, 1746.80
1572597674, 59, 13, 23, 0, 0, 0.11%, 5, 0, 4, 1759.27
1572597679, 60, 16, 23, 0, 0, 0.11%, 5, 0, 4, 1736.54
1572597684, 61, 13, 23, 0, 0, 0.11%, 5, 0, 4, 1738.68
1572597689, 62, 11, 23, 0, 0, 0.11%, 5, 0, 4, 1741.46
1572597694, 63, 5, 23, 0, 0, 0.11%, 5, 0, 4, 1728.18
1572597699, 64, 2, 23, 0, 0, 0.11%, 5, 0, 4, 1714.27
1572597704, 65, 7, 23, 0, 0, 0.11%, 5, 0, 4, 1729.02
1572597709, 66, 8, 23, 0, 0, 0.11%, 5, 0, 4, 1727.86
1572597715, 67, 13, 23, 0, 0, 0.11%, 5, 0, 4, 1741.69
1572597720, 68, 15, 23, 0, 0, 0.11%, 5, 0, 4, 1730.59
1572597725, 69, 10, 23, 0, 0, 0.11%, 5, 0, 4, 1738.47
1572597730, 69, 22, 23, 0, 0, 0.11%, 5, 0, 4, 1737.09
1572597735, 70, 17, 23, 0, 0, 0.11%, 5, 0, 4, 1736.03
1572597740, 71, 17, 23, 0, 0, 0.11%, 5, 0, 4, 1602.10
1572597745, 72, 15, 23, 0, 0, 0.11%, 5, 0, 4, 1420.89
1572597750, 73, 16, 23, 0, 0, 0.11%, 5, 0, 4, 1642.37
1572597756, 74, 18, 23, 0, 0, 0.11%, 5, 0, 4, 1684.99
1572597761, 75, 12, 23, 0, 0, 0.11%, 5, 0, 4, 1630.87
1572597766, 76, 13, 23, 0, 0, 0.11%, 5, 0, 4, 1666.47
1572597771, 77, 11, 23, 0, 0, 0.11%, 5, 0, 4, 1655.72
1572597776, 78, 5, 23, 0, 0, 0.11%, 5, 0, 4, 1709.10
1572597781, 79, 3, 23, 0, 0, 0.11%, 5, 0, 4, 1722.92
1572597786, 79, 19, 23, 0, 0, 0.11%, 5, 0, 4, 1711.68
1572597791, 80, 0, 23, 0, 0, 0.11%, 5, 0, 4, 1699.88
1572597797, 81, 2, 23, 0, 0, 0.11%, 5, 0, 4, 1695.09
1572597802, 81, 15, 23, 0, 0, 0.11%, 5, 0, 4, 1720.26
1572597807, 81, 19, 23, 0, 0, 0.11%, 5, 0, 4, 1778.00
1572597812, 82, 12, 23, 0, 0, 0.11%, 5, 0, 4, 1766.50
1572597817, 82, 18, 23, 0, 0, 0.11%, 5, 0, 4, 1764.18
1572597822, 83, 16, 23, 0, 0, 0.11%, 5, 0, 4, 1770.92
1572597827, 84, 15, 23, 0, 0, 0.11%, 5, 0, 4, 1800.47
1572597832, 85, 16, 23, 0, 0, 0.11%, 5, 0, 4, 1808.79
1572597837, 86, 20, 23, 0, 0, 0.11%, 5, 0, 4, 1790.06
1572597842, 87, 14, 23, 0, 0, 0.11%, 5, 0, 4, 1795.46
1572597848, 88, 15, 23, 0, 0, 0.11%, 5, 0, 4, 1773.19
1572597853, 89, 16, 23, 0, 0, 0.11%, 5, 0, 4, 1728.23
1572597858, 90, 18, 23, 0, 0, 0.11%, 5, 0, 4, 1767.02
1572597863, 91, 18, 23, 0, 0, 0.11%, 5, 0, 4, 1783.30
1572597868, 92, 20, 23, 0, 0, 0.11%, 5, 0, 4, 1798.72
1572597873, 93, 19, 23, 0, 0, 0.11%, 5, 0, 4, 1829.39
1572597878, 94, 4, 23, 0, 0, 0.11%, 5, 0, 4, 1813.43
1572597883, 95, 3, 23, 0, 0, 0.11%, 5, 0, 4, 1818.03
1572597888, 96, 7, 23, 0, 0, 0.11%, 5, 0, 4, 1819.67
1572597893, 97, 10, 23, 0, 0, 0.11%, 5, 0, 4, 1811.16
1572597898, 98, 8, 23, 0, 0, 0.11%, 5, 0, 4, 1807.82
1572597904, 99, 16, 23, 0, 0, 0.11%, 5, 0, 4, 1788.97
1572597909, 100, 12, 23, 0, 0, 0.11%, 5, 0, 4, 1741.10
1572597914, 100, 22, 23, 0, 0, 0.11%, 5, 0, 4, 1789.73
1572597919, 101, 16, 23, 0, 0, 0.11%, 5, 0, 4, 1807.58
1572597924, 102, 18, 23, 0, 0, 0.11%, 5, 0, 4, 1792.37
1572597929, 103, 20, 23, 0, 0, 0.11%, 5, 0, 4, 1799.90
1572597934, 105, 1, 23, 0, 0, 0.11%, 5, 0, 4, 1799.01
1572597939, 106, 7, 23, 0, 0, 0.11%, 5, 0, 4, 1790.94
1572597944, 107, 8, 23, 0, 0, 0.11%, 5, 0, 4, 1752.92
1572597949, 108, 13, 23, 0, 0, 0.11%, 5, 0, 4, 1774.99
1572597954, 109, 16, 23, 0, 0, 0.11%, 5, 0, 4, 1805.35
1572597959, 110, 18, 23, 0, 0, 0.11%, 5, 0, 4, 1791.54
1572597964, 111, 0, 23, 0, 0, 0.11%, 5, 0, 4, 1821.46
1572597970, 112, 4, 23, 0, 0, 0.11%, 5, 0, 4, 1815.03
1572597975, 113, 13, 23, 0, 0, 0.11%, 5, 0, 4, 1810.33
1572597980, 114, 15, 23, 0, 0, 0.11%, 5, 0, 4, 1792.17
1572597985, 115, 8, 23, 0, 0, 0.11%, 5, 0, 4, 1815.38
1572597990, 116, 3, 23, 0, 0, 0.11%, 5, 0, 4, 1789.10
1572597995, 117, 7, 23, 0, 0, 0.11%, 5, 0, 4, 1788.85
1572598000, 117, 22, 23, 0, 0, 0.11%, 5, 0, 4, 1788.77
1572598005, 118, 18, 23, 0, 0, 0.11%, 5, 0, 4, 1783.24
1572598011, 119, 20, 23, 0, 0, 0.11%, 5, 0, 4, 1781.24
1572598016, 120, 19, 24, 1, 0, 0.11%, 5, 0, 4, 1763.36
1572598021, 120, 23, 24, 1, 0, 0.11%, 5, 0, 4, 1646.39
1572598026, 121, 18, 24, 0, 0, 0.11%, 5, 0, 4, 1746.50
1572598031, 122, 20, 24, 0, 0, 0.11%, 5, 0, 4, 1758.82
1572598036, 123, 21, 24, 0, 0, 0.11%, 5, 0, 4, 1760.27
1572598041, 125, 1, 24, 0, 0, 0.11%, 5, 0, 4, 1739.73
1572598046, 126, 4, 24, 0, 0, 0.11%, 5, 0, 4, 1770.57
1572598051, 127, 7, 24, 0, 0, 0.11%, 5, 0, 4, 1769.07
1572598056, 127, 18, 24, 0, 0, 0.11%, 5, 0, 4, 1734.36
1572598061, 128, 7, 24, 0, 0, 0.11%, 5, 0, 4, 1727.16
1572598066, 129, 6, 24, 0, 0, 0.11%, 5, 0, 4, 1754.92
1572598071, 130, 7, 24, 0, 0, 0.11%, 5, 0, 4, 1758.83
1572598076, 131, 2, 24, 0, 0, 0.11%, 5, 0, 4, 1769.70
1572598082, 132, 4, 24, 0, 0, 0.11%, 5, 0, 4, 1803.39
1572598087, 133, 8, 24, 0, 0, 0.11%, 5, 0, 4, 1808.75
1572598092, 134, 11, 24, 0, 0, 0.11%, 5, 0, 4, 1795.98
1572598097, 135, 12, 24, 0, 0, 0.11%, 5, 0, 4, 1757.53
1572598102, 136, 2, 24, 0, 0, 0.11%, 5, 0, 4, 1759.05
1572598107, 136, 20, 24, 0, 0, 0.11%, 5, 0, 4, 1766.87
1572598112, 138, 2, 24, 0, 0, 0.11%, 5, 0, 4, 1765.26
1572598117, 138, 20, 24, 0, 0, 0.11%, 5, 0, 4, 1767.73
1572598122, 139, 18, 24, 0, 0, 0.11%, 5, 0, 4, 1777.52
1572598127, 140, 20, 24, 0, 0, 0.11%, 5, 0, 4, 1758.66
1572598133, 141, 21, 24, 0, 0, 0.11%, 5, 0, 4, 1779.40
1572598138, 143, 2, 24, 0, 0, 0.11%, 5, 0, 4, 1790.98
1572598143, 144, 2, 24, 0, 0, 0.11%, 5, 0, 4, 1774.99
1572598148, 145, 7, 24, 0, 0, 0.11%, 5, 0, 4, 1784.14
1572598153, 146, 8, 24, 0, 0, 0.11%, 5, 0, 4, 1790.03
1572598158, 147, 15, 24, 0, 0, 0.11%, 5, 0, 4, 1776.17
1572598164, 148, 8, 24, 0, 0, 0.11%, 5, 0, 4, 1782.74
1572598169, 149, 13, 24, 0, 0, 0.11%, 5, 0, 4, 1785.57
1572598174, 150, 15, 24, 0, 0, 0.11%, 5, 0, 4, 1800.82
1572598179, 150, 23, 24, 0, 0, 0.11%, 5, 0, 4, 1719.33
1572598184, 151, 14, 24, 0, 0, 0.11%, 5, 0, 4, 1746.92
1572598189, 151, 22, 24, 0, 0, 0.11%, 5, 0, 4, 1763.36
1572598194, 152, 21, 24, 0, 0, 0.11%, 5, 0, 4, 1778.09
1572598199, 154, 2, 24, 0, 0, 0.11%, 5, 0, 4, 1772.17
1572598204, 154, 20, 24, 0, 0, 0.11%, 5, 0, 4, 1745.74
1572598210, 155, 21, 24, 0, 0, 0.11%, 5, 0, 4, 1767.09
1572598215, 156, 15, 24, 0, 0, 0.11%, 5, 0, 4, 1760.72
1572598220, 157, 16, 24, 0, 0, 0.11%, 5, 0, 4, 1783.24
1572598225, 158, 17, 24, 0, 0, 0.11%, 5, 0, 4, 1765.55
1572598230, 159, 5, 24, 0, 0, 0.11%, 5, 0, 4, 1766.74
1572598235, 160, 7, 24, 0, 0, 0.11%, 5, 0, 4, 1781.43
1572598240, 161, 13, 24, 0, 0, 0.11%, 5, 0, 4, 1754.76
1572598245, 162, 10, 24, 0, 0, 0.11%, 5, 0, 4, 1760.76
1572598250, 163, 15, 24, 0, 0, 0.11%, 5, 0, 4, 1769.03
1572598255, 164, 16, 24, 0, 0, 0.11%, 5, 0, 4, 1770.46
1572598260, 165, 17, 24, 0, 0, 0.11%, 5, 0, 4, 1758.74
1572598265, 166, 18, 24, 0, 0, 0.11%, 5, 0, 4, 1760.85
1572598271, 167, 13, 24, 0, 0, 0.11%, 5, 0, 4, 1779.19
1572598276, 168, 15, 24, 0, 0, 0.11%, 5, 0, 4, 1775.60
1572598281, 168, 23, 24, 0, 0, 0.11%, 5, 0, 4, 1706.42
1572598286, 169, 19, 24, 0, 0, 0.11%, 5, 0, 4, 1746.73
1572598291, 170, 20, 24, 0, 0, 0.11%, 5, 0, 4, 1762.76
1572598296, 171, 18, 24, 0, 0, 0.11%, 5, 0, 4, 1761.58
1572598301, 172, 13, 24, 0, 0, 0.11%, 5, 0, 4, 1708.50
1572598306, 173, 15, 24, 0, 0, 0.11%, 5, 0, 4, 1750.57
1572598311, 174, 16, 24, 0, 0, 0.11%, 5, 0, 4, 1781.42
1572598316, 175, 2, 24, 0, 0, 0.11%, 5, 0, 4, 1759.60
1572598321, 175, 21, 24, 0, 0, 0.11%, 5, 0, 4, 1781.43
1572598326, 177, 3, 24, 0, 0, 0.11%, 5, 0, 4, 1770.88
1572598331, 178, 7, 24, 0, 0, 0.11%, 5, 0, 4, 1772.92
1572598336, 179, 1, 24, 0, 0, 0.11%, 5, 0, 4, 1770.30
1572598341, 180, 3, 24, 0, 0, 0.11%, 5, 0, 4, 1630.70
1572598346, 180, 18, 24, 0, 0, 0.11%, 5, 0, 4, 1633.84
1572598352, 181, 20, 24, 0, 0, 0.11%, 5, 0, 4, 1734.80
1572598357, 182, 17, 24, 0, 0, 0.11%, 5, 0, 4, 1758.79
1572598362, 183, 18, 24, 0, 0, 0.11%, 5, 0, 4, 1790.16
1572598367, 184, 21, 24, 0, 0, 0.11%, 5, 0, 4, 1789.43
1572598372, 185, 21, 24, 0, 0, 0.11%, 5, 0, 4, 1772.55
1572598377, 187, 2, 24, 0, 0, 0.11%, 5, 0, 4, 1746.77
1572598382, 188, 4, 24, 0, 0, 0.11%, 5, 0, 4, 1753.82
1572598387, 189, 4, 24, 0, 0, 0.11%, 5, 0, 4, 1763.24
1572598393, 190, 2, 24, 0, 0, 0.11%, 5, 0, 4, 1762.77
1572598398, 191, 4, 24, 0, 0, 0.11%, 5, 0, 4, 1794.38
1572598403, 192, 8, 24, 0, 0, 0.11%, 5, 0, 4, 1802.38
1572598408, 193, 7, 24, 0, 0, 0.11%, 5, 0, 4, 1750.38
1572598413, 194, 13, 24, 0, 0, 0.11%, 5, 0, 4, 1766.64
1572598418, 195, 17, 24, 0, 0, 0.11%, 5, 0, 4, 1784.71
1572598423, 196, 17, 24, 0, 0, 0.11%, 5, 0, 4, 1744.25
1572598428, 197, 18, 24, 0, 0, 0.11%, 5, 0, 4, 1780.21
1572598433, 198, 20, 24, 0, 0, 0.11%, 5, 0, 4, 1779.64
1572598438, 199, 20, 24, 0, 0, 0.11%, 5, 0, 4, 1775.72
1572598444, 201, 2, 24, 0, 0, 0.11%, 5, 0, 4, 1770.15
1572598449, 201, 21, 24, 0, 0, 0.11%, 6, 0, 4, 1776.01
1572598454, 202, 20, 24, 0, 0, 0.11%, 6, 0, 4, 1758.24
1572598459, 203, 21, 24, 0, 0, 0.11%, 6, 0, 4, 1776.30
1572598464, 204, 20, 24, 0, 0, 0.11%, 6, 0, 4, 1773.14
1572598469, 205, 23, 24, 0, 0, 0.11%, 6, 0, 4, 1744.97
1572598474, 206, 8, 24, 0, 0, 0.11%, 6, 0, 4, 1744.88
1572598479, 207, 15, 24, 0, 0, 0.11%, 6, 0, 4, 1788.81
1572598484, 208, 16, 24, 0, 0, 0.11%, 6, 0, 4, 1776.89
1572598490, 209, 18, 24, 0, 0, 0.11%, 6, 0, 4, 1775.67
1572598495, 210, 3, 24, 0, 0, 0.11%, 6, 0, 4, 1766.39
1572598500, 211, 2, 24, 0, 0, 0.11%, 6, 0, 4, 1780.34
1572598505, 212, 3, 24, 0, 0, 0.11%, 6, 0, 4, 1705.52
1572598510, 213, 7, 24, 0, 0, 0.11%, 6, 0, 4, 1748.20
1572598515, 214, 2, 24, 0, 0, 0.11%, 6, 0, 4, 1749.26
1572598520, 214, 20, 24, 0, 0, 0.11%, 6, 0, 4, 1677.11
1572598525, 215, 20, 24, 0, 0, 0.11%, 6, 0, 4, 1633.68
1572598530, 216, 20, 24, 0, 0, 0.11%, 6, 0, 4, 1549.24
1572598535, 217, 16, 24, 0, 0, 0.11%, 6, 0, 4, 1450.10
1572598540, 218, 14, 24, 0, 0, 0.11%, 6, 0, 4, 1714.25
1572598546, 219, 8, 24, 0, 0, 0.11%, 6, 0, 4, 1787.34
1572598551, 220, 10, 24, 0, 0, 0.11%, 6, 0, 4, 1797.53
1572598556, 221, 15, 24, 0, 0, 0.11%, 6, 0, 4, 1755.60
1572598561, 222, 16, 24, 0, 0, 0.11%, 6, 0, 4, 1778.92
1572598566, 223, 17, 24, 0, 0, 0.11%, 6, 0, 4, 1763.00
1572598571, 224, 20, 24, 0, 0, 0.11%, 6, 0, 4, 1761.19
1572598576, 225, 20, 24, 0, 0, 0.11%, 6, 0, 4, 1772.98
1572598581, 226, 20, 24, 0, 0, 0.11%, 6, 0, 4, 1785.61
1572598586, 228, 1, 24, 0, 0, 0.11%, 6, 0, 4, 1785.94
1572598591, 229, 7, 24, 0, 0, 0.11%, 6, 0, 4, 1798.92
1572598596, 230, 8, 24, 0, 0, 0.11%, 6, 0, 4, 1763.10
1572598601, 231, 13, 24, 0, 0, 0.11%, 6, 0, 4, 1768.51
1572598607, 232, 15, 24, 0, 0, 0.11%, 6, 0, 4, 1772.63
1572598612, 233, 16, 24, 0, 0, 0.11%, 6, 0, 4, 1778.82
1572598617, 234, 18, 24, 0, 0, 0.11%, 6, 0, 4, 1768.18
1572598622, 235, 20, 24, 0, 0, 0.11%, 6, 0, 4, 1758.69
1572598627, 236, 21, 24, 0, 0, 0.11%, 6, 0, 4, 1778.21
1572598632, 237, 15, 24, 0, 0, 0.11%, 6, 0, 4, 1775.27
1572598637, 238, 16, 24, 0, 0, 0.11%, 6, 0, 4, 1801.32
1572598642, 239, 17, 24, 0, 0, 0.11%, 6, 0, 4, 1759.94
1572598647, 240, 16, 24, 0, 0, 0.11%, 6, 0, 4, 1801.92
1572598652, 241, 15, 24, 0, 0, 0.11%, 6, 0, 4, 1776.48
1572598658, 242, 13, 24, 0, 0, 0.11%, 6, 0, 4, 1786.78
1572598663, 243, 13, 24, 0, 0, 0.11%, 6, 0, 4, 1769.70
1572598668, 244, 16, 24, 0, 0, 0.11%, 6, 0, 4, 1779.32
1572598673, 245, 16, 24, 0, 0, 0.11%, 6, 0, 4, 1753.39
1572598678, 246, 18, 24, 0, 0, 0.11%, 6, 0, 4, 1768.50
1572598683, 247, 20, 24, 0, 0, 0.11%, 6, 0, 4, 1808.83
1572598688, 248, 21, 24, 0, 0, 0.11%, 6, 0, 4, 1787.31
1572598693, 250, 2, 24, 0, 0, 0.11%, 6, 0, 4, 1797.28
1572598698, 251, 3, 24, 0, 0, 0.11%, 6, 0, 4, 1798.14
1572598703, 252, 4, 24, 0, 0, 0.11%, 6, 0, 4, 1761.55
1572598709, 253, 0, 24, 0, 0, 0.11%, 6, 0, 4, 1764.47
1572598714, 254, 2, 24, 0, 0, 0.11%, 6, 0, 4, 1767.74
1572598719, 254, 21, 24, 0, 0, 0.11%, 6, 0, 4, 1716.09
1572598724, 255, 17, 24, 0, 0, 0.11%, 6, 0, 4, 1404.77
1572598729, 256, 15, 24, 0, 0, 0.11%, 6, 0, 4, 1320.33
1572598734, 257, 8, 24, 0, 0, 0.11%, 6, 0, 4, 1392.26
1572598739, 258, 7, 24, 0, 0, 0.11%, 6, 0, 4, 1362.36
1572598744, 258, 22, 24, 0, 0, 0.11%, 6, 0, 4, 1364.93
1572598749, 259, 18, 24, 0, 0, 0.11%, 6, 0, 4, 1390.22
1572598754, 260, 18, 24, 0, 0, 0.11%, 6, 0, 4, 1660.97
1572598759, 261, 20, 24, 0, 0, 0.11%, 6, 0, 4, 1770.22
1572598764, 262, 21, 24, 0, 0, 0.11%, 6, 0, 4, 1771.09
1572598769, 264, 0, 24, 0, 0, 0.11%, 6, 0, 4, 1745.04
1572598775, 265, 4, 24, 0, 0, 0.11%, 6, 0, 4, 1765.39
1572598780, 266, 8, 24, 0, 0, 0.11%, 6, 0, 4, 1774.32
1572598785, 267, 8, 24, 0, 0, 0.11%, 6, 0, 4, 1789.77
1572598790, 268, 8, 24, 0, 0, 0.11%, 6, 0, 4, 1795.92
1572598795, 269, 15, 24, 0, 0, 0.11%, 6, 0, 4, 1793.05
1572598800, 270, 16, 24, 0, 0, 0.11%, 6, 0, 4, 1787.00
1572598805, 271, 17, 24, 0, 0, 0.11%, 6, 0, 4, 1721.84
1572598810, 272, 20, 24, 0, 0, 0.11%, 6, 0, 4, 1765.35
1572598816, 274, 0, 24, 0, 0, 0.11%, 6, 0, 4, 1775.26
1572598821, 275, 2, 24, 0, 0, 0.11%, 6, 0, 4, 1775.54
1572598826, 276, 2, 24, 0, 0, 0.11%, 6, 0, 4, 1766.65
1572598831, 277, 6, 24, 0, 0, 0.11%, 6, 0, 4, 1761.39
1572598836, 278, 2, 24, 0, 0, 0.11%, 6, 0, 4, 1746.38
1572598841, 279, 7, 24, 0, 0, 0.11%, 6, 0, 4, 1784.22
1572598846, 280, 7, 24, 0, 0, 0.11%, 6, 0, 4, 1776.07
1572598851, 281, 8, 24, 0, 0, 0.11%, 6, 0, 4, 1753.98
1572598856, 282, 13, 24, 0, 0, 0.11%, 6, 0, 4, 1751.74
1572598862, 283, 8, 24, 0, 0, 0.11%, 6, 0, 4, 1770.63
1572598867, 284, 14, 24, 0, 0, 0.11%, 6, 0, 4, 1792.10
1572598872, 285, 16, 24, 0, 0, 0.11%, 6, 0, 4, 1786.09
1572598877, 286, 17, 24, 0, 0, 0.11%, 6, 0, 4, 1746.13
1572598882, 287, 18, 24, 0, 0, 0.11%, 6, 0, 4, 1778.22
1572598887, 288, 20, 24, 0, 0, 0.11%, 6, 0, 4, 1782.76
1572598892, 289, 20, 24, 0, 0, 0.11%, 6, 0, 4, 1762.00
1572598897, 290, 20, 24, 0, 0, 0.11%, 6, 0, 4, 1770.10
1572598902, 291, 20, 24, 0, 0, 0.11%, 6, 0, 4, 1728.45
1572598907, 292, 21, 24, 0, 0, 0.11%, 6, 0, 4, 1779.55
1572598912, 294, 3, 24, 0, 0, 0.11%, 6, 0, 4, 1796.71
1572598917, 295, 7, 24, 0, 0, 0.11%, 6, 0, 4, 1775.21
1572598922, 296, 8, 24, 0, 0, 0.11%, 6, 0, 4, 1779.12
1572598928, 297, 7, 24, 0, 0, 0.11%, 6, 0, 4, 1810.21
1572598933, 297, 23, 24, 0, 0, 0.11%, 6, 0, 4, 1680.28
1572598938, 298, 18, 24, 0, 0, 0.11%, 6, 0, 4, 1738.53
1572598943, 299, 20, 24, 0, 0, 0.11%, 6, 0, 4, 1759.89
1572598948, 301, 1, 24, 0, 0, 0.11%, 6, 0, 4, 1781.89
1572598953, 302, 1, 24, 0, 0, 0.11%, 6, 0, 4, 1769.74
1572598958, 302, 22, 24, 0, 0, 0.11%, 6, 0, 4, 1799.60
1572598963, 304, 2, 24, 0, 0, 0.11%, 6, 0, 4, 1783.55
1572598968, 305, 7, 24, 0, 0, 0.11%, 6, 0, 4, 1788.45
1572598973, 306, 7, 24, 0, 0, 0.11%, 6, 0, 4, 1789.64
1572598978, 306, 23, 24, 0, 0, 0.11%, 6, 0, 4, 1704.66
1572598984, 307, 17, 24, 0, 0, 0.11%, 6, 0, 4, 1751.64
1572598989, 308, 16, 24, 0, 0, 0.11%, 6, 0, 4, 1785.78
1572598994, 309, 18, 24, 0, 0, 0.11%, 6, 0, 4, 1772.44
1572598999, 310, 18, 24, 0, 0, 0.11%, 6, 0, 4, 1757.87
1572599004, 311, 16, 24, 0, 0, 0.11%, 6, 0, 4, 1753.17
1572599009, 312, 16, 24, 0, 0, 0.11%, 6, 0, 4, 1765.65
1572599014, 313, 18, 24, 0, 0, 0.11%, 6, 0, 4, 1780.48
1572599020, 314, 18, 24, 0, 0, 0.11%, 6, 0, 4, 1784.54
1572599025, 315, 20, 24, 0, 0, 0.11%, 6, 0, 4, 1795.61
1572599030, 316, 21, 24, 0, 0, 0.11%, 6, 0, 4, 1815.02
1572599035, 318, 0, 24, 0, 0, 0.11%, 6, 0, 4, 1796.38
1572599040, 319, 0, 24, 0, 0, 0.11%, 6, 0, 4, 1789.47
1572599045, 320, 0, 24, 0, 0, 0.11%, 6, 0, 4, 1781.01
1572599050, 320, 20, 24, 0, 0, 0.11%, 6, 0, 4, 1756.49
1572599055, 322, 0, 24, 0, 0, 0.11%, 6, 0, 4, 1756.88
1572599060, 323, 4, 24, 0, 0, 0.11%, 6, 0, 4, 1774.11
1572599065, 324, 8, 24, 0, 0, 0.11%, 6, 0, 4, 1780.46
1572599070, 325, 13, 24, 0, 0, 0.11%, 6, 0, 4, 1774.37
1572599075, 326, 15, 24, 0, 0, 0.11%, 6, 0, 4, 1767.37
1572599081, 327, 16, 24, 0, 0, 0.11%, 6, 0, 4, 1775.02
1572599086, 328, 17, 24, 0, 0, 0.11%, 6, 0, 4, 1771.46
1572599091, 329, 18, 24, 0, 0, 0.11%, 6, 0, 4, 1763.10
1572599096, 330, 18, 24, 0, 0, 0.11%, 6, 0, 4, 1768.31
1572599101, 331, 18, 24, 0, 0, 0.11%, 6, 0, 4, 1776.67
1572599106, 332, 20, 24, 0, 0, 0.11%, 6, 0, 4, 1783.26
1572599111, 334, 0, 24, 0, 0, 0.11%, 6, 0, 4, 1785.04
1572599116, 335, 3, 24, 0, 0, 0.11%, 6, 0, 4, 1775.39
1572599121, 336, 7, 24, 0, 0, 0.11%, 6, 0, 4, 1786.78
1572599127, 337, 8, 24, 0, 0, 0.11%, 6, 0, 4, 1782.93
1572599132, 338, 16, 24, 0, 0, 0.11%, 6, 0, 4, 1775.17
1572599137, 339, 16, 24, 0, 0, 0.11%, 6, 0, 4, 1792.54
1572599142, 340, 17, 24, 0, 0, 0.11%, 6, 0, 4, 1706.79
1572599147, 341, 20, 24, 0, 0, 0.11%, 6, 0, 4, 1780.40
1572599152, 342, 20, 24, 0, 0, 0.11%, 6, 0, 4, 1783.50
1572599157, 344, 1, 24, 0, 0, 0.11%, 6, 0, 4, 1758.16
1572599162, 345, 1, 24, 0, 0, 0.11%, 6, 0, 4, 1758.83
1572599167, 346, 2, 24, 0, 0, 0.11%, 6, 0, 4, 1792.15
1572599173, 347, 7, 24, 0, 0, 0.11%, 6, 0, 4, 1786.74
1572599178, 348, 7, 24, 0, 0, 0.11%, 6, 0, 4, 1781.19
1572599183, 349, 4, 24, 0, 0, 0.11%, 6, 0, 4, 1797.74
1572599188, 350, 8, 24, 0, 0, 0.11%, 6, 0, 4, 1798.05
1572599193, 351, 4, 24, 0, 0, 0.11%, 6, 0, 4, 1773.87
1572599198, 352, 8, 24, 0, 0, 0.11%, 6, 0, 4, 1786.13
1572599203, 353, 13, 24, 0, 0, 0.11%, 6, 0, 4, 1778.81
1572599208, 354, 16, 24, 0, 0, 0.11%, 6, 0, 4, 1788.78
1572599213, 355, 13, 24, 0, 0, 0.11%, 6, 0, 4, 1790.12
1572599218, 356, 8, 24, 0, 0, 0.11%, 6, 0, 4, 1788.47
1572599223, 357, 8, 24, 0, 0, 0.11%, 6, 0, 4, 1774.00
1572599229, 358, 15, 24, 0, 0, 0.11%, 6, 0, 4, 1783.80
1572599234, 359, 17, 24, 0, 0, 0.11%, 6, 0, 4, 1788.44
1572599239, 360, 18, 24, 0, 0, 0.11%, 6, 0, 4, 1746.14
1572599244, 361, 20, 24, 0, 0, 0.11%, 6, 0, 4, 1771.26
1572599249, 362, 21, 24, 0, 0, 0.11%, 6, 0, 4, 1752.58
1572599254, 364, 1, 24, 0, 0, 0.11%, 6, 0, 4, 1758.03
1572599259, 365, 4, 24, 0, 0, 0.11%, 6, 0, 4, 1767.06
1572599264, 366, 7, 24, 0, 0, 0.11%, 6, 0, 4, 1784.60
1572599269, 367, 8, 24, 0, 0, 0.11%, 6, 0, 4, 1795.83
1572599275, 368, 15, 24, 0, 0, 0.11%, 6, 0, 4, 1781.65
1572599280, 369, 17, 24, 0, 0, 0.11%, 6, 0, 4, 1785.76
1572599285, 370, 18, 24, 0, 0, 0.11%, 6, 0, 4, 1761.99
1572599290, 370, 23, 24, 0, 0, 0.11%, 6, 0, 4, 1668.90
1572599295, 371, 21, 24, 0, 0, 0.11%, 6, 0, 4, 1745.98
1572599300, 372, 21, 24, 0, 0, 0.11%, 6, 0, 4, 1775.35
1572599305, 374, 1, 24, 0, 0, 0.11%, 6, 0, 4, 1753.65
1572599310, 375, 3, 24, 0, 0, 0.11%, 6, 0, 4, 1775.46
1572599315, 376, 1, 24, 0, 0, 0.11%, 6, 0, 4, 1768.06
1572599320, 377, 3, 24, 0, 0, 0.11%, 6, 0, 4, 1786.34
1572599325, 378, 7, 24, 0, 0, 0.11%, 6, 0, 4, 1788.40
1572599330, 379, 13, 24, 0, 0, 0.11%, 6, 0, 4, 1805.27
1572599336, 380, 15, 24, 0, 0, 0.11%, 6, 0, 4, 1777.49
1572599341, 381, 17, 24, 0, 0, 0.11%, 6, 0, 4, 1756.77
1572599346, 382, 18, 24, 0, 0, 0.11%, 6, 0, 4, 1746.04
1572599351, 383, 20, 24, 0, 0, 0.11%, 6, 0, 4, 1757.15
1572599356, 384, 21, 24, 0, 0, 0.11%, 6, 0, 4, 1789.45
1572599361, 386, 3, 24, 0, 0, 0.11%, 6, 0, 4, 1794.72
1572599366, 387, 7, 24, 0, 0, 0.11%, 6, 0, 4, 1785.12
1572599371, 388, 7, 24, 0, 0, 0.11%, 6, 0, 4, 1787.33
1572599377, 389, 13, 24, 0, 0, 0.11%, 6, 0, 4, 1772.38
1572599382, 390, 15, 24, 0, 0, 0.11%, 6, 0, 4, 1704.40
1572599387, 391, 8, 24, 0, 0, 0.11%, 6, 0, 4, 1763.17
1572599392, 392, 15, 24, 0, 0, 0.11%, 6, 0, 4, 1778.02
1572599397, 393, 17, 24, 0, 0, 0.11%, 6, 0, 4, 1753.30
1572599402, 394, 18, 24, 0, 0, 0.11%, 6, 0, 4, 1739.26
1572599407, 395, 20, 24, 0, 0, 0.11%, 6, 0, 4, 1750.14
1572599412, 397, 2, 24, 0, 0, 0.11%, 6, 0, 4, 1789.76
1572599417, 398, 2, 24, 0, 0, 0.11%, 6, 0, 4, 1791.02
1572599423, 399, 2, 24, 0, 0, 0.11%, 6, 0, 4, 1769.23
1572599428, 399, 23, 24, 0, 0, 0.11%, 6, 0, 4, 1697.30
1572599433, 400, 16, 24, 0, 0, 0.11%, 6, 0, 4, 1777.12
1572599438, 401, 17, 24, 0, 0, 0.11%, 6, 0, 4, 1760.43
1572599443, 402, 18, 24, 0, 0, 0.11%, 6, 0, 4, 1763.63
1572599448, 403, 20, 24, 0, 0, 0.11%, 6, 0, 4, 1774.63
1572599453, 404, 21, 24, 0, 0, 0.11%, 6, 0, 4, 1772.46
1572599458, 405, 18, 24, 0, 0, 0.11%, 6, 0, 4, 1774.03
1572599463, 406, 17, 24, 0, 0, 0.11%, 6, 0, 4, 1777.14
1572599468, 407, 17, 24, 0, 0, 0.11%, 6, 0, 4, 1753.77
1572599473, 408, 18, 24, 0, 0, 0.11%, 6, 0, 4, 1773.44
1572599478, 409, 18, 24, 0, 0, 0.11%, 6, 0, 4, 1783.81
1572599483, 410, 18, 24, 0, 0, 0.11%, 6, 0, 4, 1784.55
1572599489, 411, 20, 24, 0, 0, 0.11%, 6, 0, 4, 1784.52
1572599494, 412, 20, 24, 0, 0, 0.11%, 6, 0, 4, 1781.89
1572599499, 413, 20, 24, 0, 0, 0.11%, 6, 0, 4, 1783.70
1572599504, 415, 0, 24, 0, 0, 0.11%, 6, 0, 4, 1778.67
1572599509, 416, 1, 24, 0, 0, 0.11%, 6, 0, 4, 1762.27
1572599514, 417, 4, 24, 0, 0, 0.11%, 6, 0, 4, 1791.61
1572599519, 418, 7, 24, 0, 0, 0.11%, 6, 0, 4, 1752.98
1572599524, 419, 3, 24, 0, 0, 0.11%, 6, 0, 4, 1773.28
1572599529, 420, 4, 24, 0, 0, 0.11%, 6, 0, 4, 1795.95
1572599534, 421, 8, 24, 0, 0, 0.11%, 6, 0, 4, 1782.87
1572599540, 422, 13, 24, 0, 0, 0.11%, 6, 0, 4, 1806.90
1572599545, 423, 15, 24, 0, 0, 0.11%, 6, 0, 4, 1779.54
1572599550, 424, 17, 24, 0, 0, 0.11%, 6, 0, 4, 1774.51
1572599555, 425, 20, 24, 0, 0, 0.11%, 6, 0, 4, 1777.63
1572599560, 426, 21, 24, 0, 0, 0.11%, 6, 0, 4, 1782.25
1572599565, 428, 3, 24, 0, 0, 0.11%, 6, 0, 4, 1787.92
1572599570, 429, 6, 24, 0, 0, 0.11%, 6, 0, 4, 1776.13
1572599575, 429, 23, 24, 0, 0, 0.11%, 6, 0, 4, 1688.30
1572599581, 430, 17, 24, 0, 0, 0.11%, 6, 0, 4, 1759.19
1572599586, 431, 20, 24, 0, 0, 0.11%, 6, 0, 4, 1802.48
1572599591, 433, 0, 24, 0, 0, 0.11%, 6, 0, 4, 1803.68
1572599596, 434, 7, 24, 0, 0, 0.11%, 6, 0, 4, 1805.32
1572599601, 435, 13, 24, 0, 0, 0.11%, 6, 0, 4, 1818.67
1572599607, 436, 8, 24, 0, 0, 0.11%, 6, 0, 4, 1822.30
1572599612, 437, 13, 24, 0, 0, 0.11%, 6, 0, 4, 1817.36
1572599617, 438, 15, 24, 0, 0, 0.11%, 6, 0, 4, 1800.17
1572599622, 439, 15, 24, 0, 0, 0.11%, 6, 0, 4, 1773.09
1572599627, 440, 17, 24, 0, 0, 0.11%, 6, 0, 4, 1784.15
1572599632, 441, 20, 24, 0, 0, 0.11%, 6, 0, 4, 1783.44
1572599637, 442, 18, 24, 0, 0, 0.11%, 6, 0, 4, 1763.64
1572599642, 443, 20, 24, 0, 0, 0.11%, 6, 0, 4, 1758.94
1572599647, 444, 19, 24, 0, 0, 0.11%, 6, 0, 4, 1778.48
1572599653, 445, 20, 24, 0, 0, 0.11%, 6, 0, 4, 1788.95
1572599658, 446, 17, 24, 0, 0, 0.11%, 6, 0, 4, 1746.61
1572599663, 447, 20, 24, 0, 0, 0.11%, 6, 0, 4, 1751.95
1572599668, 448, 20, 24, 0, 0, 0.11%, 6, 0, 4, 1773.79
1572599673, 450, 1, 24, 0, 0, 0.11%, 6, 0, 4, 1770.96
1572599678, 451, 3, 24, 0, 0, 0.11%, 6, 0, 4, 1778.36
1572599683, 452, 4, 24, 0, 0, 0.11%, 6, 0, 4, 1764.16
1572599688, 453, 7, 24, 0, 0, 0.11%, 6, 0, 4, 1770.82
1572599693, 453, 23, 24, 0, 0, 0.11%, 6, 0, 4, 1656.98
1572599698, 454, 16, 24, 0, 0, 0.11%, 6, 0, 4, 1764.51
1572599703, 455, 17, 24, 0, 0, 0.11%, 6, 0, 4, 1757.31
1572599708, 456, 18, 24, 0, 0, 0.11%, 6, 0, 4, 1770.39
1572599713, 457, 20, 24, 0, 0, 0.11%, 6, 0, 4, 1762.69
1572599718, 459, 0, 24, 0, 0, 0.11%, 6, 0, 4, 1778.20
1572599724, 460, 3, 24, 0, 0, 0.11%, 6, 0, 4, 1772.63
1572599729, 461, 7, 24, 0, 0, 0.11%, 6, 0, 4, 1774.79
1572599734, 462, 7, 24, 0, 0, 0.11%, 6, 0, 4, 1760.87
1572599739, 463, 8, 24, 0, 0, 0.11%, 6, 0, 4, 1787.04
1572599744, 464, 13, 24, 0, 0, 0.11%, 6, 0, 4, 1730.84
1572599749, 465, 15, 24, 0, 0, 0.11%, 6, 0, 4, 1750.36
1572599754, 466, 16, 24, 0, 0, 0.11%, 6, 0, 4, 1771.14
1572599759, 467, 18, 24, 0, 0, 0.11%, 6, 0, 4, 1771.40
1572599764, 468, 20, 24, 0, 0, 0.11%, 6, 0, 4, 1763.59
1572599769, 469, 21, 24, 0, 0, 0.11%, 6, 0, 4, 1766.50
1572599774, 471, 2, 24, 0, 0, 0.11%, 6, 0, 4, 1781.23
1572599779, 472, 7, 24, 0, 0, 0.11%, 6, 0, 4, 1798.51
1572599784, 473, 13, 24, 0, 0, 0.11%, 6, 0, 4, 1807.84
1572599789, 474, 15, 24, 0, 0, 0.11%, 6, 0, 4, 1764.25
1572599794, 475, 16, 24, 0, 0, 0.11%, 6, 0, 4, 1771.72
1572599799, 476, 18, 24, 0, 0, 0.11%, 6, 0, 4, 1769.66
1572599804, 477, 17, 24, 0, 0, 0.11%, 6, 0, 4, 1791.79
1572599809, 478, 3, 24, 0, 0, 0.11%, 6, 0, 4, 1751.08
1572599814, 479, 7, 24, 0, 0, 0.11%, 6, 0, 4, 1771.71
1572599820, 480, 7, 24, 0, 0, 0.11%, 6, 0, 4, 1790.91
1572599825, 481, 7, 24, 0, 0, 0.11%, 6, 0, 4, 1771.99
1572599830, 482, 8, 24, 0, 0, 0.11%, 6, 0, 4, 1779.05
1572599835, 483, 7, 24, 0, 0, 0.11%, 6, 0, 4, 1788.70
1572599840, 484, 8, 24, 0, 0, 0.11%, 6, 0, 4, 1771.12
1572599845, 485, 15, 24, 0, 0, 0.11%, 6, 0, 4, 1785.82
1572599850, 486, 16, 24, 0, 0, 0.11%, 6, 0, 4, 1804.81
1572599855, 487, 17, 24, 0, 0, 0.11%, 6, 0, 4, 1769.70
1572599860, 488, 16, 24, 0, 0, 0.11%, 6, 0, 4, 1771.22
1572599865, 489, 17, 24, 0, 0, 0.11%, 6, 0, 4, 1766.51
1572599870, 490, 16, 24, 0, 0, 0.11%, 6, 0, 4, 1782.60
1572599875, 491, 17, 24, 0, 0, 0.11%, 6, 0, 4, 1783.10
1572599880, 492, 17, 24, 0, 0, 0.11%, 6, 0, 4, 1759.07
1572599885, 493, 18, 24, 0, 0, 0.11%, 6, 0, 4, 1780.58
1572599891, 494, 20, 24, 0, 0, 0.11%, 6, 0, 4, 1769.58
1572599896, 495, 17, 24, 0, 0, 0.11%, 6, 0, 4, 1752.69
1572599901, 496, 16, 24, 0, 0, 0.11%, 6, 0, 4, 1791.66
1572599906, 497, 17, 24, 0, 0, 0.11%, 6, 0, 4, 1732.63
1572599911, 498, 16, 24, 0, 0, 0.11%, 6, 0, 4, 1769.17
1572599916, 499, 17, 24, 0, 0, 0.11%, 6, 0, 4, 1765.96
1572599921, 500, 18, 24, 0, 0, 0.11%, 6, 0, 4, 1763.46
1572599926, 501, 21, 24, 0, 0, 0.11%, 6, 0, 4, 1784.24
1572599931, 503, 1, 24, 0, 0, 0.11%, 6, 0, 4, 1767.03
1572599936, 504, 3, 24, 0, 0, 0.11%, 6, 0, 4, 1766.68
1572599941, 505, 4, 24, 0, 0, 0.11%, 6, 0, 4, 1751.79
1572599946, 506, 8, 24, 0, 0, 0.11%, 6, 0, 4, 1761.08
1572599951, 507, 13, 24, 0, 0, 0.11%, 6, 0, 4, 1782.26
1572599957, 508, 15, 24, 0, 0, 0.11%, 6, 0, 4, 1777.86
1572599962, 509, 15, 24, 0, 0, 0.11%, 6, 0, 4, 1799.76
1572599967, 510, 16, 24, 0, 0, 0.11%, 6, 0, 4, 1780.55
1572599972, 511, 18, 24, 0, 0, 0.11%, 6, 0, 4, 1762.12
1572599977, 512, 18, 24, 0, 0, 0.11%, 6, 0, 4, 1764.87
1572599982, 513, 20, 24, 0, 0, 0.11%, 6, 0, 4, 1770.54
1572599987, 515, 0, 24, 0, 0, 0.11%, 6, 0, 4, 1762.56
1572599992, 516, 2, 24, 0, 0, 0.11%, 6, 0, 4, 1781.54
1572599998, 517, 7, 24, 0, 0, 0.11%, 6, 0, 4, 1810.97
1572600003, 518, 13, 24, 0, 0, 0.11%, 6, 0, 4, 1797.36
1572600008, 519, 13, 24, 0, 0, 0.11%, 6, 0, 4, 1777.46
1572600013, 520, 15, 24, 0, 0, 0.11%, 6, 0, 4, 1795.54
1572600018, 521, 16, 24, 0, 0, 0.11%, 6, 0, 4, 1784.56
1572600023, 522, 17, 24, 0, 0, 0.11%, 6, 0, 4, 1774.31
1572600028, 523, 18, 24, 0, 0, 0.11%, 6, 0, 4, 1777.35
1572600033, 523, 23, 24, 0, 0, 0.11%, 6, 0, 4, 1727.37
1572600038, 525, 0, 24, 0, 0, 0.11%, 6, 0, 4, 1746.06
1572600043, 526, 0, 24, 0, 0, 0.11%, 6, 0, 4, 1514.93
1572600048, 527, 0, 24, 0, 0, 0.11%, 6, 0, 4, 1557.17
1572600053, 527, 23, 24, 0, 0, 0.11%, 6, 0, 4, 1580.72
1572600058, 528, 8, 24, 0, 0, 0.11%, 6, 0, 4, 1655.14
1572600063, 529, 8, 24, 0, 0, 0.11%, 6, 0, 4, 1625.50
1572600069, 530, 7, 24, 0, 0, 0.11%, 6, 0, 4, 1449.57
1572600074, 530, 23, 24, 0, 0, 0.11%, 6, 0, 4, 1356.67
1572600079, 531, 8, 24, 0, 0, 0.11%, 6, 0, 4, 1370.65
1572600084, 532, 7, 24, 0, 0, 0.11%, 6, 0, 4, 1426.37
1572600089, 533, 8, 24, 0, 0, 0.11%, 6, 0, 4, 1641.00
1572600094, 534, 8, 24, 0, 0, 0.11%, 6, 0, 4, 1698.95
1572600100, 535, 15, 24, 0, 0, 0.11%, 6, 0, 4, 1696.38
1572600105, 536, 16, 24, 0, 0, 0.11%, 6, 0, 4, 1689.67
1572600110, 537, 17, 24, 0, 0, 0.11%, 6, 0, 4, 1675.89
1572600115, 538, 18, 24, 0, 0, 0.11%, 6, 0, 4, 1683.66
1572600120, 539, 18, 24, 0, 0, 0.11%, 6, 0, 4, 1688.10
1572600125, 540, 20, 24, 0, 0, 0.11%, 6, 0, 4, 1700.40
1572600131, 541, 20, 24, 0, 0, 0.11%, 6, 0, 4, 1680.00
1572600136, 542, 20, 24, 0, 0, 0.11%, 6, 0, 4, 1636.75
1572600141, 543, 20, 24, 0, 0, 0.11%, 6, 0, 4, 1669.05
1572600146, 544, 19, 24, 0, 0, 0.11%, 6, 0, 4, 1691.75
1572600151, 545, 18, 24, 0, 0, 0.11%, 6, 0, 4, 1670.65
1572600156, 546, 18, 24, 0, 0, 0.11%, 6, 0, 4, 1698.55
1572600161, 547, 3, 24, 0, 0, 0.11%, 6, 0, 4, 1648.24
1572600166, 547, 23, 24, 0, 0, 0.11%, 6, 0, 4, 1667.65
1572600171, 548, 7, 24, 0, 0, 0.11%, 6, 0, 4, 1649.63
1572600176, 548, 23, 24, 0, 0, 0.11%, 6, 0, 4, 1612.88
1572600181, 549, 18, 24, 0, 0, 0.11%, 6, 0, 4, 1540.63
1572600186, 550, 2, 24, 0, 0, 0.11%, 6, 0, 4, 1640.90
1572600191, 551, 3, 24, 0, 0, 0.11%, 6, 0, 4, 1691.63
1572600196, 551, 21, 24, 0, 0, 0.11%, 6, 0, 4, 1717.24
1572600201, 552, 20, 24, 0, 0, 0.11%, 6, 0, 4, 1713.52
1572600206, 553, 20, 24, 0, 0, 0.11%, 6, 0, 4, 1697.02
1572600211, 554, 21, 24, 0, 0, 0.11%, 6, 0, 4, 1703.53
1572600217, 556, 1, 24, 0, 0, 0.11%, 6, 0, 4, 1684.46
1572600222, 557, 2, 24, 0, 0, 0.11%, 6, 0, 4, 1709.67
1572600227, 558, 3, 24, 0, 0, 0.11%, 6, 0, 4, 1701.79
1572600232, 559, 2, 24, 0, 0, 0.11%, 6, 0, 4, 1683.49
1572600237, 559, 20, 24, 0, 0, 0.11%, 6, 0, 4, 1679.49
1572600242, 560, 21, 24, 0, 0, 0.11%, 6, 0, 4, 1708.53
1572600248, 562, 1, 24, 0, 0, 0.11%, 6, 0, 4, 1706.39
1572600253, 563, 2, 24, 0, 0, 0.11%, 6, 0, 4, 1717.61
1572600258, 564, 4, 24, 0, 0, 0.11%, 6, 0, 4, 1715.31
1572600263, 565, 7, 24, 0, 0, 0.11%, 6, 0, 4, 1715.88
1572600268, 565, 23, 24, 0, 0, 0.11%, 6, 0, 4, 1604.72
1572600273, 566, 20, 24, 0, 0, 0.11%, 6, 0, 4, 1694.41
1572600278, 567, 20, 24, 0, 0, 0.11%, 6, 0, 4, 1709.27
1572600283, 568, 20, 24, 0, 0, 0.11%, 6, 0, 4, 1691.32
1572600288, 569, 20, 24, 0, 0, 0.11%, 6, 0, 4, 1667.23
1572600293, 570, 21, 24, 0, 0, 0.11%, 6, 0, 4, 1713.63
1572600298, 572, 0, 24, 0, 0, 0.11%, 6, 0, 4, 1693.87
1572600303, 573, 2, 24, 0, 0, 0.11%, 6, 0, 4, 1700.61
1572600308, 574, 1, 24, 0, 0, 0.11%, 6, 0, 4, 1619.09
1572600314, 574, 21, 24, 0, 0, 0.11%, 6, 0, 4, 1669.45
1572600319, 575, 19, 24, 0, 0, 0.11%, 6, 0, 4, 1703.84
1572600324, 576, 18, 24, 0, 0, 0.11%, 6, 0, 4, 1704.09
1572600329, 577, 18, 24, 0, 0, 0.11%, 6, 0, 4, 1693.33
1572600334, 578, 18, 24, 0, 0, 0.11%, 6, 0, 4, 1681.30
1572600339, 579, 18, 24, 0, 0, 0.11%, 6, 0, 4, 1695.59
1572600344, 580, 4, 24, 0, 0, 0.11%, 6, 0, 4, 1640.06
1572600349, 581, 2, 24, 0, 0, 0.11%, 6, 0, 4, 1691.05
1572600354, 582, 3, 24, 0, 0, 0.11%, 6, 0, 4, 1703.49
1572600360, 583, 4, 24, 0, 0, 0.11%, 6, 0, 4, 1702.89
1572600365, 584, 7, 24, 0, 0, 0.11%, 6, 0, 4, 1697.48
1572600370, 585, 2, 24, 0, 0, 0.11%, 6, 0, 4, 1709.54
1572600375, 586, 1, 24, 0, 0, 0.11%, 6, 0, 4, 1710.60
1572600380, 587, 2, 24, 0, 0, 0.11%, 6, 0, 4, 1677.11
1572600385, 588, 4, 24, 0, 0, 0.11%, 6, 0, 4, 1712.10
1572600390, 589, 7, 24, 0, 0, 0.11%, 6, 0, 4, 1718.54
1572600395, 590, 8, 24, 0, 0, 0.11%, 6, 0, 4, 1705.11
1572600400, 591, 7, 24, 0, 0, 0.11%, 6, 0, 4, 1716.64
1572600405, 592, 8, 24, 0, 0, 0.11%, 6, 0, 4, 1703.75
1572600410, 593, 8, 24, 0, 0, 0.11%, 6, 0, 4, 1716.98
1572600416, 594, 13, 24, 0, 0, 0.11%, 6, 0, 4, 1736.76
1572600421, 595, 15, 24, 0, 0, 0.11%, 6, 0, 4, 1686.48
1572600426, 596, 16, 24, 0, 0, 0.11%, 6, 0, 4, 1702.06
1572600431, 597, 16, 24, 0, 0, 0.11%, 6, 0, 4, 1702.83
1572600436, 598, 17, 24, 0, 0, 0.11%, 6, 0, 4, 1689.60
1572600441, 599, 17, 24, 0, 0, 0.11%, 6, 0, 4, 1729.44
1572600446, 600, 18, 24, 0, 0, 0.11%, 6, 0, 4, 1758.62
1572600451, 601, 20, 24, 0, 0, 0.11%, 6, 0, 4, 1752.86
1572600456, 602, 20, 24, 0, 0, 0.11%, 6, 0, 4, 1769.64
1572600461, 603, 21, 24, 0, 0, 0.11%, 6, 0, 4, 1761.85
1572600466, 604, 8, 24, 0, 0, 0.11%, 6, 0, 4, 1723.65
1572600471, 605, 15, 24, 0, 0, 0.11%, 6, 0, 4, 1772.76
1572600476, 606, 17, 24, 0, 0, 0.11%, 6, 0, 4, 1771.77
1572600482, 607, 1, 24, 0, 0, 0.11%, 6, 0, 4, 1697.37
1572600487, 608, 7, 24, 0, 0, 0.11%, 6, 0, 4, 1758.17
1572600492, 609, 8, 24, 0, 0, 0.11%, 6, 0, 4, 1805.34
1572600497, 610, 8, 24, 0, 0, 0.11%, 6, 0, 4, 1803.26
1572600502, 611, 13, 24, 0, 0, 0.11%, 6, 0, 4, 1800.13
1572600507, 612, 15, 24, 0, 0, 0.11%, 6, 0, 4, 1784.00
1572600512, 613, 15, 24, 0, 0, 0.11%, 6, 0, 4, 1798.26
1572600517, 614, 15, 24, 0, 0, 0.11%, 6, 0, 4, 1762.45
1572600522, 615, 17, 24, 0, 0, 0.11%, 6, 0, 4, 1768.90
1572600527, 616, 16, 24, 0, 0, 0.11%, 6, 0, 4, 1784.78
1572600532, 617, 15, 24, 0, 0, 0.11%, 6, 0, 4, 1734.82
1572600538, 618, 17, 24, 0, 0, 0.11%, 6, 0, 4, 1768.15
1572600543, 619, 18, 24, 0, 0, 0.11%, 6, 0, 4, 1688.92
1572600548, 620, 20, 24, 0, 0, 0.11%, 6, 0, 4, 1784.07
1572600553, 621, 20, 24, 0, 0, 0.11%, 6, 0, 4, 1749.41
1572600558, 623, 1, 24, 0, 0, 0.11%, 6, 0, 4, 1772.74
1572600563, 624, 4, 24, 0, 0, 0.11%, 6, 0, 4, 1769.17
1572600568, 625, 8, 24, 0, 0, 0.11%, 6, 0, 4, 1800.38
1572600573, 626, 13, 24, 0, 0, 0.11%, 6, 0, 4, 1782.76
1572600578, 627, 8, 24, 0, 0, 0.11%, 6, 0, 4, 1807.07
1572600583, 628, 12, 24, 0, 0, 0.11%, 6, 0, 4, 1777.59
1572600588, 629, 8, 24, 0, 0, 0.11%, 6, 0, 4, 1783.26
1572600594, 630, 16, 24, 0, 0, 0.11%, 6, 0, 4, 1800.55
1572600599, 631, 17, 24, 0, 0, 0.11%, 6, 0, 4, 1761.55
1572600604, 632, 18, 24, 0, 0, 0.11%, 6, 0, 4, 1761.58
1572600609, 633, 20, 24, 0, 0, 0.11%, 6, 0, 4, 1785.68
1572600614, 634, 21, 24, 0, 0, 0.11%, 6, 0, 4, 1763.94
1572600619, 636, 4, 24, 0, 0, 0.11%, 6, 0, 4, 1789.39
1572600624, 637, 7, 24, 0, 0, 0.11%, 6, 0, 4, 1820.85
1572600629, 638, 8, 24, 0, 0, 0.11%, 6, 0, 4, 1796.68
1572600634, 639, 15, 24, 0, 0, 0.11%, 6, 0, 4, 1808.81
1572600640, 640, 17, 24, 0, 0, 0.11%, 6, 0, 4, 1762.55
1572600645, 641, 17, 24, 0, 0, 0.11%, 6, 0, 4, 1762.74
1572600650, 642, 18, 24, 0, 0, 0.11%, 6, 0, 4, 1774.88
1572600655, 643, 18, 24, 0, 0, 0.11%, 6, 0, 4, 1767.26
1572600660, 644, 21, 24, 0, 0, 0.11%, 6, 0, 4, 1758.89
1572600665, 645, 20, 24, 0, 0, 0.11%, 6, 0, 4, 1782.61
1572600670, 647, 1, 24, 0, 0, 0.11%, 6, 0, 4, 1773.88
1572600675, 648, 4, 24, 0, 0, 0.11%, 6, 0, 4, 1807.33
1572600680, 649, 7, 24, 0, 0, 0.11%, 6, 0, 4, 1806.47
1572600685, 650, 7, 24, 0, 0, 0.11%, 6, 0, 4, 1781.91
1572600691, 650, 23, 24, 0, 0, 0.11%, 6, 0, 4, 1690.93
1572600696, 651, 20, 24, 0, 0, 0.11%, 6, 0, 4, 1780.68
1572600701, 653, 1, 24, 0, 0, 0.11%, 6, 0, 4, 1746.94
1572600706, 654, 0, 24, 0, 0, 0.11%, 6, 0, 4, 1783.99
1572600711, 655, 3, 24, 0, 0, 0.11%, 6, 0, 4, 1820.17
1572600716, 656, 7, 24, 0, 0, 0.11%, 6, 0, 4, 1790.37
1572600721, 657, 8, 24, 0, 0, 0.11%, 6, 0, 4, 1800.41
1572600726, 658, 15, 24, 0, 0, 0.11%, 6, 0, 4, 1799.49
1572600731, 659, 17, 24, 0, 0, 0.11%, 6, 0, 4, 1760.16
1572600736, 660, 18, 24, 0, 0, 0.11%, 6, 0, 4, 1776.46
1572600742, 661, 4, 24, 0, 0, 0.11%, 6, 0, 4, 1748.25
1572600747, 662, 8, 24, 0, 0, 0.11%, 6, 0, 4, 1778.40
1572600752, 663, 13, 24, 0, 0, 0.11%, 6, 0, 4, 1807.23
1572600757, 664, 13, 24, 0, 0, 0.11%, 6, 0, 4, 1767.43
1572600762, 665, 15, 24, 0, 0, 0.11%, 6, 0, 4, 1772.79
1572600767, 666, 15, 24, 0, 0, 0.11%, 6, 0, 4, 1774.39
1572600772, 667, 17, 24, 0, 0, 0.11%, 6, 0, 4, 1790.95
1572600778, 668, 18, 24, 0, 0, 0.11%, 6, 0, 4, 1760.86
1572600783, 669, 20, 24, 0, 0, 0.11%, 6, 0, 4, 1783.24
1572600788, 670, 21, 24, 0, 0, 0.11%, 6, 0, 4, 1768.14
1572600793, 672, 3, 24, 0, 0, 0.11%, 6, 0, 4, 1777.95
1572600798, 672, 20, 24, 0, 0, 0.11%, 6, 0, 4, 1770.02
1572600803, 673, 8, 24, 0, 0, 0.11%, 6, 0, 4, 1758.49
1572600808, 674, 8, 24, 0, 0, 0.11%, 6, 0, 4, 1783.88
1572600813, 675, 8, 24, 0, 0, 0.11%, 6, 0, 4, 1779.55
1572600818, 675, 23, 24, 0, 0, 0.11%, 6, 0, 4, 1704.93
1572600823, 676, 20, 24, 0, 0, 0.11%, 6, 0, 4, 1776.12
1572600828, 677, 21, 24, 0, 0, 0.11%, 6, 0, 4, 1778.73
1572600833, 678, 8, 24, 0, 0, 0.11%, 6, 0, 4, 1765.04
1572600838, 679, 15, 24, 0, 0, 0.11%, 6, 0, 4, 1778.10
1572600843, 680, 17, 24, 0, 0, 0.11%, 6, 0, 4, 1764.61
1572600848, 681, 16, 24, 0, 0, 0.11%, 6, 0, 4, 1799.67
1572600853, 682, 17, 24, 0, 0, 0.11%, 6, 0, 4, 1777.32
1572600859, 683, 18, 24, 0, 0, 0.11%, 6, 0, 4, 1809.03
1572600864, 684, 20, 24, 0, 0, 0.11%, 6, 0, 4, 1796.91
1572600869, 685, 21, 24, 0, 0, 0.11%, 6, 0, 4, 1778.55
1572600874, 687, 1, 24, 0, 0, 0.11%, 6, 0, 4, 1761.46
1572600879, 688, 4, 24, 0, 0, 0.11%, 6, 0, 4, 1782.03
1572600884, 689, 8, 24, 0, 0, 0.11%, 6, 0, 4, 1794.85
1572600889, 690, 13, 24, 0, 0, 0.11%, 6, 0, 4, 1785.47
1572600894, 691, 13, 24, 0, 0, 0.11%, 6, 0, 4, 1778.49
1572600899, 692, 16, 24, 0, 0, 0.11%, 6, 0, 4, 1789.46
1572600904, 693, 17, 24, 0, 0, 0.11%, 6, 0, 4, 1795.69
1572600909, 694, 18, 24, 0, 0, 0.11%, 6, 0, 4, 1778.82
1572600915, 695, 20, 24, 0, 0, 0.11%, 6, 0, 4, 1774.69
1572600920, 696, 7, 24, 0, 0, 0.11%, 6, 0, 4, 1722.10
1572600925, 697, 8, 24, 0, 0, 0.11%, 6, 0, 4, 1788.66
1572600930, 698, 8, 24, 0, 0, 0.11%, 6, 0, 4, 1757.08
1572600935, 699, 8, 24, 0, 0, 0.11%, 6, 0, 4, 1768.56
1572600940, 700, 15, 24, 0, 0, 0.11%, 6, 0, 4, 1699.18
1572600946, 701, 17, 24, 0, 0, 0.11%, 6, 0, 4, 1756.25
1572600951, 702, 17, 24, 0, 0, 0.11%, 6, 0, 4, 1780.13
1572600956, 703, 18, 24, 0, 0, 0.11%, 6, 0, 4, 1744.61
1572600961, 704, 20, 24, 0, 0, 0.11%, 6, 0, 4, 1764.90
1572600966, 705, 21, 24, 0, 0, 0.11%, 6, 0, 4, 1790.16
1572600971, 707, 2, 24, 0, 0, 0.11%, 6, 0, 4, 1785.55
1572600976, 708, 4, 24, 0, 0, 0.11%, 6, 0, 4, 1796.42
1572600981, 709, 2, 24, 0, 0, 0.11%, 6, 0, 4, 1780.15
1572600986, 710, 3, 24, 0, 0, 0.11%, 6, 0, 4, 1765.57
1572600991, 711, 5, 24, 0, 0, 0.11%, 6, 0, 4, 1768.56
1572600996, 712, 8, 24, 0, 0, 0.11%, 6, 0, 4, 1777.00
1572601001, 713, 11, 24, 0, 0, 0.11%, 6, 0, 4, 1780.45
1572601006, 714, 13, 24, 0, 0, 0.11%, 6, 0, 4, 1791.21
1572601012, 715, 16, 24, 0, 0, 0.11%, 6, 0, 4, 1806.52
1572601017, 716, 17, 24, 0, 0, 0.11%, 6, 0, 4, 1745.61
1572601022, 717, 18, 24, 0, 0, 0.11%, 6, 0, 4, 1761.46
1572601027, 718, 18, 24, 0, 0, 0.11%, 6, 0, 4, 1770.08
1572601032, 719, 20, 24, 0, 0, 0.11%, 6, 0, 4, 1786.03
1572601037, 721, 1, 24, 0, 0, 0.11%, 6, 0, 4, 1773.94
1572601042, 722, 4, 24, 0, 0, 0.11%, 6, 0, 4, 1784.87
1572601048, 723, 7, 24, 0, 0, 0.11%, 6, 0, 4, 1792.21
1572601053, 724, 7, 24, 0, 0, 0.11%, 6, 0, 4, 1762.59
1572601058, 725, 13, 24, 0, 0, 0.11%, 6, 0, 4, 1783.01
1572601063, 726, 16, 24, 0, 0, 0.11%, 6, 0, 4, 1783.46
1572601068, 727, 17, 24, 0, 0, 0.11%, 6, 0, 4, 1776.43
1572601073, 728, 17, 24, 0, 0, 0.11%, 6, 0, 4, 1748.74
1572601078, 729, 18, 24, 0, 0, 0.11%, 6, 0, 4, 1768.93
1572601083, 730, 20, 24, 0, 0, 0.11%, 6, 0, 4, 1763.65
1572601088, 732, 0, 24, 0, 0, 0.11%, 6, 0, 4, 1779.58
1572601093, 732, 21, 24, 0, 0, 0.11%, 6, 0, 4, 1755.06
1572601098, 734, 1, 24, 0, 0, 0.11%, 6, 0, 4, 1763.74
1572601104, 735, 4, 24, 0, 0, 0.11%, 6, 0, 4, 1760.75
1572601109, 736, 7, 24, 0, 0, 0.11%, 6, 0, 4, 1781.40
1572601114, 737, 8, 24, 0, 0, 0.11%, 6, 0, 4, 1768.39
1572601119, 738, 15, 24, 0, 0, 0.11%, 6, 0, 4, 1782.63
1572601124, 739, 17, 24, 0, 0, 0.11%, 6, 0, 4, 1761.65
1572601129, 740, 14, 24, 0, 0, 0.11%, 6, 0, 4, 1780.16
1572601134, 741, 16, 24, 0, 0, 0.11%, 6, 0, 4, 1779.16
1572601139, 742, 16, 24, 0, 0, 0.11%, 6, 0, 4, 1766.45
1572601144, 743, 18, 24, 0, 0, 0.11%, 6, 0, 4, 1769.66
1572601149, 744, 20, 24, 0, 0, 0.11%, 6, 0, 4, 1771.52
1572601154, 745, 19, 24, 0, 0, 0.11%, 6, 0, 4, 1784.56
1572601160, 746, 20, 24, 0, 0, 0.11%, 6, 0, 4, 1748.62
1572601165, 747, 21, 24, 0, 0, 0.11%, 6, 0, 4, 1771.20
1572601170, 749, 3, 24, 0, 0, 0.11%, 6, 0, 4, 1775.97
1572601175, 750, 7, 24, 0, 0, 0.11%, 6, 0, 4, 1781.86
1572601180, 751, 7, 24, 0, 0, 0.11%, 6, 0, 4, 1796.55
1572601185, 752, 8, 24, 0, 0, 0.11%, 6, 0, 4, 1762.43
1572601191, 753, 4, 24, 0, 0, 0.11%, 6, 0, 4, 1793.08
1572601196, 754, 8, 24, 0, 0, 0.11%, 6, 0, 4, 1782.60
1572601201, 755, 8, 24, 0, 0, 0.11%, 6, 0, 4, 1768.02
1572601206, 756, 8, 24, 0, 0, 0.11%, 6, 0, 4, 1584.32
1572601211, 757, 8, 24, 0, 0, 0.11%, 6, 0, 4, 1613.29
1572601216, 758, 7, 24, 0, 0, 0.11%, 6, 0, 4, 1679.30
1572601221, 759, 8, 24, 0, 0, 0.11%, 6, 0, 4, 1738.55
1572601226, 760, 7, 24, 0, 0, 0.11%, 6, 0, 4, 1469.75
1572601231, 761, 8, 24, 0, 0, 0.11%, 6, 0, 4, 1684.90
1572601236, 762, 8, 24, 0, 0, 0.11%, 6, 0, 4, 1801.77
