# unix_time, cycles_done, cur_path, paths_total, pending_total, pending_favs, map_size, unique_crashes, unique_hangs, max_depth, execs_per_sec
1572597371, 0, 0, 1, 1, 1, 0.01%, 0, 0, 1, 888.89
1572597376, 0, 2, 3, 1, 1, 0.02%, 0, 0, 3, 1021.99
1572597381, 6, 3, 5, 2, 1, 0.03%, 0, 0, 3, 1699.46
1572597386, 8, 4, 5, 0, 0, 0.03%, 1, 0, 3, 1839.64
1572597391, 14, 4, 5, 0, 0, 0.03%, 1, 0, 3, 1810.68
1572597396, 21, 3, 5, 0, 0, 0.03%, 1, 0, 3, 1913.38
1572597401, 26, 7, 18, 13, 2, 0.10%, 3, 0, 3, 1743.53
1572597406, 26, 7, 19, 14, 2, 0.10%, 4, 0, 3, 1604.03
1572597411, 26, 12, 20, 13, 6, 0.10%, 4, 0, 3, 1685.39
1572597416, 26, 13, 20, 12, 6, 0.10%, 4, 0, 3, 1733.80
1572597421, 26, 14, 21, 12, 5, 0.10%, 4, 0, 3, 1502.06
1572597426, 26, 16, 21, 11, 4, 0.10%, 4, 0, 3, 1671.03
1572597431, 26, 18, 22, 11, 3, 0.11%, 4, 0, 3, 1747.59
1572597437, 26, 19, 22, 10, 2, 0.11%, 4, 0, 3, 1782.85
1572597442, 27, 6, 22, 8, 0, 0.11%, 4, 0, 3, 1596.77
1572597447, 27, 9, 22, 7, 0, 0.11%, 4, 0, 3, 1748.50
1572597452, 27, 18, 22, 6, 0, 0.11%, 4, 0, 3, 1726.47
1572597457, 27, 20, 22, 6, 0, 0.11%, 4, 0, 3, 1577.87
1572597462, 28, 8, 22, 5, 0, 0.11%, 4, 0, 3, 1681.12
1572597467, 28, 19, 22, 5, 0, 0.11%, 4, 0, 3, 1827.79
1572597472, 29, 13, 22, 5, 0, 0.11%, 4, 0, 3, 1793.36
1572597477, 29, 19, 22, 5, 0, 0.11%, 4, 0, 3, 1494.64
1572597482, 30, 14, 22, 5, 0, 0.11%, 4, 0, 3, 1814.37
1572597487, 30, 15, 23, 6, 0, 0.11%, 4, 0, 3, 1614.55
1572597492, 30, 19, 23, 5, 0, 0.11%, 4, 0, 3, 1734.32
1572597497, 31, 8, 23, 5, 0, 0.11%, 4, 0, 3, 1762.13
1572597502, 31, 17, 23, 5, 0, 0.11%, 4, 0, 3, 1688.14
1572597513, 32, 2, 23, 4, 0, 0.11%, 4, 0, 3, 1777.34
1572597518, 32, 10, 23, 4, 0, 0.11%, 4, 0, 3, 1817.87
1572597523, 32, 19, 23, 3, 0, 0.11%, 4, 0, 3, 1824.85
1572597528, 34, 3, 23, 3, 0, 0.11%, 4, 0, 3, 1826.95
1572597533, 35, 16, 23, 3, 0, 0.11%, 4, 0, 3, 1827.39
1572597538, 36, 11, 23, 3, 0, 0.11%, 4, 0, 3, 1796.65
1572597543, 36, 22, 23, 2, 0, 0.11%, 4, 0, 3, 1620.01
1572597548, 37, 5, 23, 1, 0, 0.11%, 4, 0, 3, 1728.42
1572597553, 39, 1, 23, 1, 0, 0.11%, 4, 0, 3, 1613.35
1572597559, 40, 8, 23, 1, 0, 0.11%, 4, 0, 3, 1734.82
1572597564, 41, 17, 23, 1, 0, 0.11%, 4, 0, 3, 1765.46
1572597569, 43, 2, 23, 1, 0, 0.11%, 4, 0, 3, 1789.33
1572597574, 43, 21, 23, 1, 0, 0.11%, 4, 0, 3, 1838.89
1572597579, 45, 2, 23, 0, 0, 0.11%, 4, 0, 3, 1818.37
1572597584, 46, 19, 23, 0, 0, 0.11%, 4, 0, 3, 1780.28
1572597589, 48, 16, 23, 0, 0, 0.11%, 4, 0, 3, 1778.39
1572597594, 50, 14, 23, 0, 0, 0.11%, 4, 0, 3, 1792.45
1572597599, 52, 8, 23, 0, 0, 0.11%, 4, 0, 3, 1756.94
1572597604, 54, 4, 23, 0, 0, 0.11%, 4, 0, 3, 1764.74
1572597609, 55, 19, 23, 0, 0, 0.11%, 4, 0, 3, 1763.92
1572597615, 57, 13, 23, 0, 0, 0.11%, 4, 0, 3, 1786.60
1572597620, 59, 4, 23, 0, 0, 0.11%, 4, 0, 3, 1771.62
1572597625, 60, 20, 23, 0, 0, 0.11%, 4, 0, 3, 1813.82
1572597630, 62, 14, 23, 0, 0, 0.11%, 4, 0, 3, 1795.69
1572597635, 64, 11, 23, 0, 0, 0.11%, 4, 0, 3, 1785.85
1572597640, 65, 15, 23, 0, 0, 0.11%, 4, 0, 3, 1782.28
1572597645, 67, 7, 23, 0, 0, 0.11%, 4, 0, 3, 1771.96
1572597650, 68, 11, 23, 0, 0, 0.11%, 4, 0, 3, 1793.36
1572597655, 69, 19, 23, 0, 0, 0.11%, 4, 0, 3, 1789.88
1572597661, 71, 13, 23, 0, 0, 0.11%, 4, 0, 3, 1750.42
1572597666, 73, 5, 23, 0, 0, 0.11%, 4, 0, 3, 1784.55
1572597671, 74, 14, 23, 0, 0, 0.11%, 4, 0, 3, 1804.17
1572597676, 75, 22, 23, 0, 0, 0.11%, 4, 0, 3, 1808.53
1572597681, 77, 8, 23, 0, 0, 0.11%, 4, 0, 3, 1820.63
1572597686, 78, 11, 23, 0, 0, 0.11%, 4, 0, 3, 1815.63
1572597691, 80, 4, 23, 0, 0, 0.11%, 4, 0, 3, 1789.85
1572597696, 82, 1, 23, 0, 0, 0.11%, 4, 0, 3, 1791.31
1572597702, 83, 14, 23, 0, 0, 0.11%, 4, 0, 3, 1796.47
1572597707, 85, 13, 23, 0, 0, 0.11%, 4, 0, 3, 1799.70
1572597712, 86, 18, 23, 0, 0, 0.11%, 4, 0, 3, 1819.01
1572597717, 88, 2, 23, 0, 0, 0.11%, 4, 0, 3, 1800.22
1572597722, 89, 15, 23, 0, 0, 0.11%, 4, 0, 3, 1776.98
1572597727, 90, 21, 23, 0, 0, 0.11%, 4, 0, 3, 1791.17
1572597732, 92, 19, 23, 0, 0, 0.11%, 4, 0, 3, 1787.87
1572597737, 94, 3, 23, 0, 0, 0.11%, 4, 0, 3, 1777.25
1572597742, 95, 16, 23, 0, 0, 0.11%, 4, 0, 3, 1521.62
1572597747, 97, 2, 23, 0, 0, 0.11%, 4, 0, 3, 1632.46
1572597753, 98, 0, 23, 0, 0, 0.11%, 4, 0, 3, 1766.46
1572597758, 99, 5, 23, 0, 0, 0.11%, 4, 0, 3, 1770.17
1572597763, 100, 14, 23, 0, 0, 0.11%, 4, 0, 3, 1751.02
1572597768, 101, 19, 23, 0, 0, 0.11%, 4, 0, 3, 1766.15
1572597773, 103, 4, 23, 0, 0, 0.11%, 4, 0, 3, 1750.71
1572597778, 104, 8, 23, 0, 0, 0.11%, 4, 0, 3, 1793.65
1572597783, 105, 14, 23, 0, 0, 0.11%, 4, 0, 3, 1805.08
1572597788, 107, 7, 23, 0, 0, 0.11%, 4, 0, 3, 1795.03
1572597794, 109, 0, 23, 0, 0, 0.11%, 4, 0, 3, 1803.49
1572597799, 110, 19, 23, 0, 0, 0.11%, 4, 0, 3, 1824.89
1572597804, 112, 16, 23, 0, 0, 0.11%, 4, 0, 3, 1843.15
1572597809, 114, 4, 23, 0, 0, 0.11%, 4, 0, 3, 1851.14
1572597814, 115, 20, 23, 0, 0, 0.11%, 4, 0, 3, 1823.59
1572597819, 117, 13, 23, 0, 0, 0.11%, 4, 0, 3, 1851.73
1572597824, 119, 4, 23, 0, 0, 0.11%, 4, 0, 3, 1850.57
1572597829, 120, 21, 23, 0, 0, 0.11%, 4, 0, 3, 1880.15
1572597835, 122, 2, 23, 0, 0, 0.11%, 4, 0, 3, 1872.49
1572597840, 123, 18, 23, 0, 0, 0.11%, 4, 0, 3, 1890.40
1572597845, 124, 22, 23, 0, 0, 0.11%, 4, 0, 3, 1868.50
1572597850, 126, 9, 23, 0, 0, 0.11%, 4, 0, 3, 1861.87
1572597855, 127, 8, 23, 0, 0, 0.11%, 4, 0, 3, 1857.36
1572597860, 128, 18, 23, 0, 0, 0.11%, 4, 0, 3, 1873.99
1572597865, 130, 19, 23, 0, 0, 0.11%, 4, 0, 3, 1892.79
1572597870, 132, 14, 23, 0, 0, 0.11%, 4, 0, 3, 1892.13
1572597876, 134, 9, 23, 0, 0, 0.11%, 4, 0, 3, 1870.00
1572597881, 135, 19, 23, 0, 0, 0.11%, 4, 0, 3, 1879.62
1572597886, 137, 16, 23, 0, 0, 0.11%, 4, 0, 3, 1876.24
1572597891, 139, 16, 23, 0, 0, 0.11%, 4, 0, 3, 1880.02
1572597896, 141, 1, 23, 0, 0, 0.11%, 4, 0, 3, 1866.74
1572597901, 142, 19, 23, 0, 0, 0.11%, 4, 0, 3, 1871.90
1572597906, 144, 19, 23, 0, 0, 0.11%, 4, 0, 3, 1902.48
1572597911, 146, 19, 23, 0, 0, 0.11%, 4, 0, 3, 1900.14
1572597917, 148, 18, 23, 0, 0, 0.11%, 4, 0, 3, 1892.47
1572597922, 150, 13, 23, 0, 0, 0.11%, 4, 0, 3, 1875.30
1572597927, 152, 2, 23, 0, 0, 0.11%, 4, 0, 3, 1886.00
1572597932, 153, 15, 23, 0, 0, 0.11%, 4, 0, 3, 1873.57
1572597937, 155, 13, 23, 0, 0, 0.11%, 4, 0, 3, 1891.78
1572597942, 157, 5, 23, 0, 0, 0.11%, 4, 0, 3, 1808.47
1572597947, 159, 0, 23, 0, 0, 0.11%, 4, 0, 3, 1856.24
1572597953, 160, 14, 23, 0, 0, 0.11%, 4, 0, 3, 1868.81
1572597958, 162, 14, 23, 0, 0, 0.11%, 4, 0, 3, 1876.34
1572597963, 164, 13, 23, 0, 0, 0.11%, 4, 0, 3, 1882.45
1572597968, 166, 4, 23, 0, 0, 0.11%, 4, 0, 3, 1870.29
1572597973, 168, 3, 23, 0, 0, 0.11%, 4, 0, 3, 1884.84
1572597979, 169, 19, 23, 0, 0, 0.11%, 4, 0, 3, 1881.44
1572597984, 171, 8, 23, 0, 0, 0.11%, 4, 0, 3, 1858.02
1572597989, 172, 19, 23, 0, 0, 0.11%, 4, 0, 3, 1848.81
1572597994, 174, 16, 23, 0, 0, 0.11%, 4, 0, 3, 1849.44
1572597999, 176, 14, 23, 0, 0, 0.11%, 4, 0, 3, 1853.77
1572598004, 178, 5, 23, 0, 0, 0.11%, 4, 0, 3, 1854.74
1572598009, 180, 0, 23, 0, 0, 0.11%, 4, 0, 3, 1844.57
1572598014, 181, 19, 23, 0, 0, 0.11%, 4, 0, 3, 1843.74
1572598019, 183, 18, 23, 0, 0, 0.11%, 4, 0, 3, 1840.77
1572598024, 185, 16, 23, 0, 0, 0.11%, 4, 0, 3, 1850.68
1572598030, 187, 4, 23, 0, 0, 0.11%, 4, 0, 3, 1881.32
1572598035, 189, 3, 23, 0, 0, 0.11%, 4, 0, 3, 1861.07
1572598040, 191, 2, 23, 0, 0, 0.11%, 4, 0, 3, 1847.14
1572598045, 193, 0, 23, 0, 0, 0.11%, 4, 0, 3, 1846.40
1572598050, 194, 19, 23, 0, 0, 0.11%, 4, 0, 3, 1878.23
1572598055, 196, 12, 23, 0, 0, 0.11%, 4, 0, 3, 1865.53
1572598061, 198, 0, 23, 0, 0, 0.11%, 4, 0, 3, 1862.74
1572598066, 199, 16, 23, 0, 0, 0.11%, 4, 0, 3, 1855.51
1572598071, 201, 14, 23, 0, 0, 0.11%, 4, 0, 3, 1852.87
1572598076, 203, 13, 23, 0, 0, 0.11%, 4, 0, 3, 1857.35
1572598081, 205, 8, 23, 0, 0, 0.11%, 4, 0, 3, 1865.24
1572598086, 207, 5, 23, 0, 0, 0.11%, 4, 0, 3, 1873.72
1572598092, 209, 3, 23, 0, 0, 0.11%, 4, 0, 3, 1851.43
1572598097, 210, 19, 23, 0, 0, 0.11%, 4, 0, 3, 1849.63
1572598102, 212, 13, 23, 0, 0, 0.11%, 4, 0, 3, 1831.25
1572598107, 214, 5, 23, 0, 0, 0.11%, 4, 0, 3, 1838.30
1572598112, 216, 3, 23, 0, 0, 0.11%, 4, 0, 3, 1832.98
1572598118, 217, 18, 23, 0, 0, 0.11%, 4, 0, 3, 1843.76
1572598123, 219, 10, 23, 0, 0, 0.11%, 4, 0, 3, 1860.79
1572598128, 221, 3, 23, 0, 0, 0.11%, 4, 0, 3, 1821.57
1572598133, 222, 20, 23, 0, 0, 0.11%, 4, 0, 3, 1859.22
1572598138, 224, 16, 23, 0, 0, 0.11%, 4, 0, 3, 1857.65
1572598143, 226, 5, 23, 0, 0, 0.11%, 4, 0, 3, 1849.69
1572598148, 228, 3, 23, 0, 0, 0.11%, 4, 0, 3, 1862.95
1572598153, 230, 2, 23, 0, 0, 0.11%, 4, 0, 3, 1867.24
1572598158, 231, 18, 23, 0, 0, 0.11%, 4, 0, 3, 1852.21
1572598163, 233, 12, 23, 0, 0, 0.11%, 4, 0, 3, 1853.12
1572598168, 235, 4, 23, 0, 0, 0.11%, 4, 0, 3, 1838.31
1572598173, 236, 19, 23, 0, 0, 0.11%, 4, 0, 3, 1854.31
1572598179, 238, 16, 23, 0, 0, 0.11%, 4, 0, 3, 1851.93
1572598184, 240, 13, 23, 0, 0, 0.11%, 4, 0, 3, 1844.18
1572598189, 242, 5, 23, 0, 0, 0.11%, 4, 0, 3, 1858.00
1572598194, 244, 2, 23, 0, 0, 0.11%, 4, 0, 3, 1856.95
1572598199, 245, 21, 23, 0, 0, 0.11%, 4, 0, 3, 1863.06
1572598204, 247, 16, 23, 0, 0, 0.11%, 4, 0, 3, 1843.35
1572598209, 249, 16, 23, 0, 0, 0.11%, 4, 0, 3, 1856.56
1572598215, 251, 8, 23, 0, 0, 0.11%, 4, 0, 3, 1847.46
1572598220, 253, 4, 23, 0, 0, 0.11%, 4, 0, 3, 1847.91
1572598225, 255, 4, 23, 0, 0, 0.11%, 4, 0, 3, 1874.41
1572598230, 256, 19, 23, 0, 0, 0.11%, 4, 0, 3, 1867.75
1572598235, 258, 18, 23, 0, 0, 0.11%, 4, 0, 3, 1850.25
1572598240, 260, 13, 23, 0, 0, 0.11%, 4, 0, 3, 1848.34
1572598245, 262, 8, 23, 0, 0, 0.11%, 4, 0, 3, 1837.60
1572598250, 264, 1, 23, 0, 0, 0.11%, 4, 0, 3, 1834.31
1572598255, 266, 0, 23, 0, 0, 0.11%, 4, 0, 3, 1850.53
1572598260, 267, 19, 23, 0, 0, 0.11%, 4, 0, 3, 1849.95
1572598266, 269, 18, 23, 0, 0, 0.11%, 4, 0, 3, 1880.17
1572598271, 271, 13, 23, 0, 0, 0.11%, 4, 0, 3, 1857.65
1572598276, 273, 3, 23, 0, 0, 0.11%, 4, 0, 3, 1843.54
1572598281, 275, 0, 23, 0, 0, 0.11%, 4, 0, 3, 1839.32
1572598286, 276, 19, 23, 0, 0, 0.11%, 4, 0, 3, 1843.74
1572598291, 278, 16, 23, 0, 0, 0.11%, 4, 0, 3, 1835.60
1572598296, 280, 13, 24, 1, 0, 0.11%, 4, 0, 3, 1835.68
1572598301, 281, 4, 24, 0, 0, 0.11%, 4, 0, 3, 1773.20
1572598307, 283, 2, 24, 0, 0, 0.11%, 4, 0, 3, 1827.39
1572598312, 284, 19, 24, 0, 0, 0.11%, 4, 0, 3, 1851.32
1572598317, 286, 8, 24, 0, 0, 0.11%, 4, 0, 3, 1859.44
1572598322, 288, 0, 24, 0, 0, 0.11%, 4, 0, 3, 1851.20
1572598327, 289, 14, 24, 0, 0, 0.11%, 4, 0, 3, 1837.24
1572598332, 291, 5, 24, 0, 0, 0.11%, 4, 0, 3, 1842.58
1572598337, 293, 2, 24, 0, 0, 0.11%, 4, 0, 3, 1853.11
1572598342, 294, 14, 24, 0, 0, 0.11%, 4, 0, 3, 1727.94
1572598347, 295, 23, 24, 0, 0, 0.11%, 4, 0, 3, 1705.72
1572598352, 297, 5, 24, 0, 0, 0.11%, 4, 0, 3, 1801.28
1572598357, 299, 2, 24, 0, 0, 0.11%, 4, 0, 3, 1854.27
1572598363, 300, 8, 24, 0, 0, 0.11%, 4, 0, 3, 1864.74
1572598368, 301, 23, 24, 0, 0, 0.11%, 4, 0, 3, 1875.28
1572598373, 303, 8, 24, 0, 0, 0.11%, 4, 0, 3, 1854.50
1572598378, 304, 22, 24, 0, 0, 0.11%, 4, 0, 3, 1823.60
1572598383, 306, 16, 24, 0, 0, 0.11%, 4, 0, 3, 1860.98
1572598388, 308, 13, 24, 0, 0, 0.11%, 4, 0, 3, 1855.09
1572598393, 310, 5, 24, 0, 0, 0.11%, 4, 0, 3, 1859.16
1572598398, 311, 19, 24, 0, 0, 0.11%, 4, 0, 3, 1897.18
1572598404, 313, 16, 24, 0, 0, 0.11%, 4, 0, 3, 1868.91
1572598409, 315, 8, 24, 0, 0, 0.11%, 4, 0, 3, 1844.20
1572598414, 317, 4, 24, 0, 0, 0.11%, 4, 0, 3, 1873.12
1572598419, 318, 19, 24, 0, 0, 0.11%, 4, 0, 3, 1865.89
1572598424, 320, 14, 24, 0, 0, 0.11%, 4, 0, 3, 1853.88
1572598429, 322, 5, 24, 0, 0, 0.11%, 4, 0, 3, 1864.24
1572598434, 323, 23, 24, 0, 0, 0.11%, 4, 0, 3, 1859.60
1572598440, 325, 13, 24, 0, 0, 0.11%, 4, 0, 3, 1835.38
1572598445, 327, 4, 24, 0, 0, 0.11%, 4, 0, 3, 1842.76
1572598450, 328, 19, 24, 0, 0, 0.11%, 5, 0, 3, 1841.14
1572598455, 330, 16, 24, 0, 0, 0.11%, 5, 0, 3, 1849.25
1572598460, 332, 8, 24, 0, 0, 0.11%, 5, 0, 3, 1855.24
1572598465, 334, 4, 24, 0, 0, 0.11%, 5, 0, 3, 1854.48
1572598470, 335, 13, 24, 0, 0, 0.11%, 5, 0, 3, 1848.66
1572598475, 337, 5, 24, 0, 0, 0.11%, 5, 0, 3, 1848.24
1572598480, 339, 2, 24, 0, 0, 0.11%, 5, 0, 3, 1879.76
1572598486, 340, 16, 24, 0, 0, 0.11%, 5, 0, 3, 1866.88
1572598491, 342, 5, 24, 0, 0, 0.11%, 5, 0, 3, 1868.29
1572598496, 344, 1, 24, 0, 0, 0.11%, 5, 0, 3, 1864.43
1572598501, 345, 14, 24, 0, 0, 0.11%, 5, 0, 3, 1879.36
1572598506, 347, 3, 24, 0, 0, 0.11%, 5, 0, 3, 1799.49
1572598511, 348, 19, 24, 0, 0, 0.11%, 5, 0, 3, 1842.87
1572598517, 350, 13, 24, 0, 0, 0.11%, 5, 0, 3, 1801.89
1572598522, 352, 3, 24, 0, 0, 0.11%, 5, 0, 3, 1754.95
1572598527, 353, 19, 24, 0, 0, 0.11%, 5, 0, 3, 1735.96
1572598532, 355, 4, 24, 0, 0, 0.11%, 5, 0, 3, 1499.72
1572598537, 356, 18, 24, 0, 0, 0.11%, 5, 0, 3, 1632.30
1572598542, 358, 14, 24, 0, 0, 0.11%, 5, 0, 3, 1824.25
1572598547, 360, 3, 24, 0, 0, 0.11%, 5, 0, 3, 1850.04
1572598552, 361, 18, 24, 0, 0, 0.11%, 5, 0, 3, 1837.39
1572598558, 363, 8, 24, 0, 0, 0.11%, 5, 0, 3, 1844.95
1572598563, 365, 4, 24, 0, 0, 0.11%, 5, 0, 3, 1860.37
1572598568, 366, 19, 24, 0, 0, 0.11%, 5, 0, 3, 1861.84
1572598573, 368, 14, 24, 0, 0, 0.11%, 5, 0, 3, 1838.64
1572598578, 370, 8, 24, 0, 0, 0.11%, 5, 0, 3, 1848.44
1572598583, 372, 4, 24, 0, 0, 0.11%, 5, 0, 3, 1855.39
1572598589, 373, 19, 24, 0, 0, 0.11%, 5, 0, 3, 1869.82
1572598594, 375, 13, 24, 0, 0, 0.11%, 5, 0, 3, 1834.50
1572598599, 377, 1, 24, 0, 0, 0.11%, 5, 0, 3, 1864.04
1572598604, 378, 14, 24, 0, 0, 0.11%, 5, 0, 3, 1871.09
1572598609, 380, 0, 24, 0, 0, 0.11%, 5, 0, 3, 1880.62
1572598614, 381, 16, 24, 0, 0, 0.11%, 5, 0, 3, 1866.05
1572598619, 383, 5, 24, 0, 0, 0.11%, 5, 0, 3, 1847.35
1572598624, 385, 1, 24, 0, 0, 0.11%, 5, 0, 3, 1866.05
1572598630, 386, 14, 24, 0, 0, 0.11%, 5, 0, 3, 1870.93
1572598635, 387, 18, 24, 0, 0, 0.11%, 5, 0, 3, 1864.44
1572598640, 389, 14, 24, 0, 0, 0.11%, 5, 0, 3, 1886.60
1572598645, 391, 5, 24, 0, 0, 0.11%, 5, 0, 3, 1872.24
1572598650, 393, 2, 24, 0, 0, 0.11%, 5, 0, 3, 1856.78
1572598655, 394, 16, 24, 0, 0, 0.11%, 5, 0, 3, 1847.69
1572598660, 396, 5, 24, 0, 0, 0.11%, 5, 0, 3, 1847.71
1572598666, 398, 0, 24, 0, 0, 0.11%, 5, 0, 3, 1842.25
1572598671, 399, 16, 24, 0, 0, 0.11%, 5, 0, 3, 1857.40
1572598676, 401, 8, 24, 0, 0, 0.11%, 5, 0, 3, 1862.02
1572598681, 403, 4, 24, 0, 0, 0.11%, 5, 0, 3, 1853.92
1572598686, 404, 19, 24, 0, 0, 0.11%, 5, 0, 3, 1883.61
1572598691, 406, 13, 24, 0, 0, 0.11%, 5, 0, 3, 1847.73
1572598697, 407, 19, 24, 0, 0, 0.11%, 5, 0, 3, 1867.94
1572598702, 409, 14, 24, 0, 0, 0.11%, 5, 0, 3, 1823.82
1572598707, 411, 5, 24, 0, 0, 0.11%, 5, 0, 3, 1838.37
1572598712, 412, 18, 24, 0, 0, 0.11%, 5, 0, 3, 1854.25
1572598717, 414, 2, 24, 0, 0, 0.11%, 5, 0, 3, 1780.49
1572598722, 415, 6, 24, 0, 0, 0.11%, 5, 0, 3, 66.08
1572598727, 416, 16, 24, 0, 0, 0.11%, 5, 0, 3, 1557.27
1572598732, 418, 5, 24, 0, 0, 0.11%, 5, 0, 3, 1569.01
1572598737, 419, 16, 24, 0, 0, 0.11%, 5, 0, 3, 1563.29
1572598742, 420, 20, 24, 0, 0, 0.11%, 5, 0, 3, 1530.20
1572598748, 422, 4, 24, 0, 0, 0.11%, 5, 0, 3, 1587.99
1572598753, 423, 16, 24, 0, 0, 0.11%, 5, 0, 3, 1743.09
1572598758, 425, 5, 24, 0, 0, 0.11%, 5, 0, 3, 1835.37
1572598763, 427, 1, 24, 0, 0, 0.11%, 5, 0, 3, 1850.30
1572598768, 428, 18, 24, 0, 0, 0.11%, 5, 0, 3, 1866.55
1572598773, 430, 5, 24, 0, 0, 0.11%, 5, 0, 3, 1860.48
1572598778, 432, 2, 24, 0, 0, 0.11%, 5, 0, 3, 1857.28
1572598783, 433, 19, 24, 0, 0, 0.11%, 5, 0, 3, 1877.53
1572598789, 435, 14, 24, 0, 0, 0.11%, 5, 0, 3, 1852.89
1572598794, 437, 4, 24, 0, 0, 0.11%, 5, 0, 3, 1854.16
1572598799, 439, 0, 24, 0, 0, 0.11%, 5, 0, 3, 1867.34
1572598804, 440, 12, 24, 0, 0, 0.11%, 5, 0, 3, 1822.06
1572598809, 442, 3, 24, 0, 0, 0.11%, 5, 0, 3, 1858.66
1572598815, 443, 18, 24, 0, 0, 0.11%, 5, 0, 3, 1872.11
1572598820, 445, 8, 24, 0, 0, 0.11%, 5, 0, 3, 1832.29
1572598825, 447, 1, 24, 0, 0, 0.11%, 5, 0, 3, 1841.91
1572598830, 448, 19, 24, 0, 0, 0.11%, 5, 0, 3, 1866.59
1572598835, 450, 13, 24, 0, 0, 0.11%, 5, 0, 3, 1853.68
1572598840, 452, 5, 24, 0, 0, 0.11%, 5, 0, 3, 1855.00
1572598845, 454, 1, 24, 0, 0, 0.11%, 5, 0, 3, 1860.91
1572598850, 455, 13, 24, 0, 0, 0.11%, 5, 0, 3, 1836.09
1572598856, 456, 16, 24, 0, 0, 0.11%, 5, 0, 3, 1825.14
1572598861, 458, 1, 24, 0, 0, 0.11%, 5, 0, 3, 1849.43
1572598866, 459, 18, 24, 0, 0, 0.11%, 5, 0, 3, 1836.78
1572598871, 461, 3, 24, 0, 0, 0.11%, 5, 0, 3, 1846.88
1572598876, 462, 19, 24, 0, 0, 0.11%, 5, 0, 3, 1845.28
1572598881, 464, 16, 24, 0, 0, 0.11%, 5, 0, 3, 1867.98
1572598886, 466, 13, 24, 0, 0, 0.11%, 5, 0, 3, 1865.31
1572598892, 468, 4, 24, 0, 0, 0.11%, 5, 0, 3, 1836.77
1572598897, 469, 19, 24, 0, 0, 0.11%, 5, 0, 3, 1846.21
1572598902, 471, 13, 24, 0, 0, 0.11%, 5, 0, 3, 1820.25
1572598907, 473, 4, 24, 0, 0, 0.11%, 5, 0, 3, 1832.39
1572598912, 474, 19, 24, 0, 0, 0.11%, 5, 0, 3, 1873.43
1572598917, 476, 14, 24, 0, 0, 0.11%, 5, 0, 3, 1854.70
1572598923, 478, 3, 24, 0, 0, 0.11%, 5, 0, 3, 1848.02
1572598928, 479, 19, 24, 0, 0, 0.11%, 5, 0, 3, 1887.08
1572598933, 481, 13, 24, 0, 0, 0.11%, 5, 0, 3, 1833.70
1572598938, 482, 21, 24, 0, 0, 0.11%, 5, 0, 3, 1858.63
1572598943, 484, 13, 24, 0, 0, 0.11%, 5, 0, 3, 1837.48
1572598948, 486, 4, 24, 0, 0, 0.11%, 5, 0, 3, 1825.54
1572598953, 487, 19, 24, 0, 0, 0.11%, 5, 0, 3, 1841.34
1572598958, 489, 13, 24, 0, 0, 0.11%, 5, 0, 3, 1869.22
1572598964, 491, 8, 24, 0, 0, 0.11%, 5, 0, 3, 1840.58
1572598969, 493, 2, 24, 0, 0, 0.11%, 5, 0, 3, 1860.10
1572598974, 494, 16, 24, 0, 0, 0.11%, 5, 0, 3, 1850.85
1572598979, 496, 0, 24, 0, 0, 0.11%, 5, 0, 3, 1845.65
1572598984, 497, 13, 24, 0, 0, 0.11%, 5, 0, 3, 1837.40
1572598989, 499, 4, 24, 0, 0, 0.11%, 5, 0, 3, 1849.42
1572598994, 500, 21, 24, 0, 0, 0.11%, 5, 0, 3, 1867.55
1572599000, 502, 16, 24, 0, 0, 0.11%, 5, 0, 3, 1845.47
1572599005, 504, 8, 24, 0, 0, 0.11%, 5, 0, 3, 1793.12
1572599010, 506, 2, 24, 0, 0, 0.11%, 5, 0, 3, 1839.41
1572599015, 507, 19, 24, 0, 0, 0.11%, 5, 0, 3, 1858.21
1572599020, 509, 14, 24, 0, 0, 0.11%, 5, 0, 3, 1844.82
1572599025, 510, 18, 24, 0, 0, 0.11%, 5, 0, 3, 1873.77
1572599031, 512, 5, 24, 0, 0, 0.11%, 5, 0, 3, 1854.40
1572599036, 514, 1, 24, 0, 0, 0.11%, 5, 0, 3, 1846.40
1572599041, 515, 16, 24, 0, 0, 0.11%, 5, 0, 3, 1865.36
1572599046, 517, 9, 24, 0, 0, 0.11%, 5, 0, 3, 1846.38
1572599051, 518, 23, 24, 0, 0, 0.11%, 5, 0, 3, 1851.80
1572599056, 520, 13, 24, 0, 0, 0.11%, 5, 0, 3, 1856.00
1572599061, 522, 4, 24, 0, 0, 0.11%, 5, 0, 3, 1869.84
1572599066, 523, 19, 24, 0, 0, 0.11%, 5, 0, 3, 1864.84
1572599071, 525, 16, 24, 0, 0, 0.11%, 5, 0, 3, 1849.36
1572599076, 527, 5, 24, 0, 0, 0.11%, 6, 0, 3, 1853.09
1572599082, 528, 20, 24, 0, 0, 0.11%, 6, 0, 3, 1856.64
1572599087, 530, 16, 24, 0, 0, 0.11%, 6, 0, 3, 1846.73
1572599092, 532, 5, 24, 0, 0, 0.11%, 6, 0, 3, 1833.41
1572599097, 533, 19, 24, 0, 0, 0.11%, 6, 0, 3, 1850.79
1572599102, 535, 5, 24, 0, 0, 0.11%, 6, 0, 3, 1849.70
1572599107, 536, 19, 24, 0, 0, 0.11%, 6, 0, 3, 1874.94
1572599112, 538, 3, 24, 0, 0, 0.11%, 6, 0, 3, 1859.52
1572599117, 539, 19, 24, 0, 0, 0.11%, 7, 0, 3, 1860.17
1572599123, 541, 16, 24, 0, 0, 0.11%, 7, 0, 3, 1871.75
1572599128, 543, 8, 24, 0, 0, 0.11%, 7, 0, 3, 1850.92
1572599133, 545, 2, 24, 0, 0, 0.11%, 7, 0, 3, 1843.95
1572599138, 546, 18, 24, 0, 0, 0.11%, 7, 0, 3, 1858.69
1572599143, 548, 12, 24, 0, 0, 0.11%, 7, 0, 3, 1838.24
1572599148, 549, 15, 24, 0, 0, 0.11%, 7, 0, 3, 1893.82
1572599153, 551, 5, 24, 0, 0, 0.11%, 7, 0, 3, 1850.09
1572599158, 553, 2, 24, 0, 0, 0.11%, 7, 0, 3, 1838.80
1572599163, 554, 19, 24, 0, 0, 0.11%, 7, 0, 3, 1874.63
1572599168, 556, 14, 24, 0, 0, 0.11%, 7, 0, 3, 1874.28
1572599173, 558, 8, 24, 0, 0, 0.11%, 7, 0, 3, 1863.58
1572599179, 560, 0, 24, 0, 0, 0.11%, 7, 0, 3, 1840.84
1572599184, 561, 18, 24, 0, 0, 0.11%, 7, 0, 3, 1867.42
1572599189, 563, 5, 24, 0, 0, 0.11%, 7, 0, 3, 1855.28
1572599194, 564, 19, 24, 0, 0, 0.11%, 7, 0, 3, 1842.13
1572599199, 566, 14, 24, 0, 0, 0.11%, 7, 0, 3, 1831.38
1572599204, 568, 4, 24, 0, 0, 0.11%, 7, 0, 3, 1846.69
1572599210, 569, 19, 24, 0, 0, 0.11%, 7, 0, 3, 1856.32
1572599215, 571, 16, 24, 0, 0, 0.11%, 7, 0, 3, 1855.85
1572599220, 573, 13, 24, 0, 0, 0.11%, 7, 0, 3, 1837.77
1572599225, 575, 1, 24, 0, 0, 0.11%, 7, 0, 3, 1844.13
1572599230, 576, 18, 24, 0, 0, 0.11%, 7, 0, 3, 1848.18
1572599235, 578, 3, 24, 0, 0, 0.11%, 7, 0, 3, 1852.12
1572599240, 579, 19, 24, 0, 0, 0.11%, 7, 0, 3, 1849.71
1572599245, 581, 14, 24, 0, 0, 0.11%, 7, 0, 3, 1868.26
1572599250, 583, 13, 24, 0, 0, 0.11%, 7, 0, 3, 1821.59
1572599255, 585, 2, 24, 0, 0, 0.11%, 7, 0, 3, 1859.26
1572599261, 586, 13, 24, 0, 0, 0.11%, 7, 0, 3, 1835.43
1572599266, 588, 5, 24, 0, 0, 0.11%, 7, 0, 3, 1852.43
1572599271, 590, 1, 24, 0, 0, 0.11%, 7, 0, 3, 1866.83
1572599276, 591, 18, 24, 0, 0, 0.11%, 7, 0, 3, 1850.92
1572599281, 593, 14, 24, 0, 0, 0.11%, 7, 0, 3, 1848.49
1572599286, 595, 5, 24, 0, 0, 0.11%, 7, 0, 3, 1859.10
1572599291, 596, 18, 24, 0, 0, 0.11%, 7, 0, 3, 1836.43
1572599296, 598, 13, 24, 0, 0, 0.11%, 7, 0, 3, 1834.97
1572599301, 600, 3, 24, 0, 0, 0.11%, 7, 0, 3, 1846.11
1572599306, 601, 14, 24, 0, 0, 0.11%, 7, 0, 3, 1833.19
1572599312, 603, 5, 24, 0, 0, 0.11%, 7, 0, 3, 1843.67
1572599317, 605, 1, 24, 0, 0, 0.11%, 7, 0, 3, 1848.81
1572599322, 606, 18, 24, 0, 0, 0.11%, 7, 0, 3, 1857.27
1572599327, 608, 5, 24, 0, 0, 0.11%, 7, 0, 3, 1849.06
1572599332, 609, 21, 24, 0, 0, 0.11%, 7, 0, 3, 1849.17
1572599337, 611, 13, 24, 0, 0, 0.11%, 7, 0, 3, 1851.50
1572599342, 613, 1, 24, 0, 0, 0.11%, 7, 0, 3, 1836.31
1572599347, 614, 19, 24, 0, 0, 0.11%, 7, 0, 3, 1837.77
1572599352, 616, 14, 24, 0, 0, 0.11%, 7, 0, 3, 1852.25
1572599357, 618, 5, 24, 0, 0, 0.11%, 7, 0, 3, 1846.64
1572599362, 620, 0, 24, 0, 0, 0.11%, 7, 0, 3, 1846.89
1572599367, 621, 14, 24, 0, 0, 0.11%, 7, 0, 3, 1840.17
1572599372, 623, 5, 24, 0, 0, 0.11%, 7, 0, 3, 1869.65
1572599377, 624, 19, 24, 0, 0, 0.11%, 7, 0, 3, 1868.09
1572599383, 626, 14, 24, 0, 0, 0.11%, 7, 0, 3, 1810.93
1572599388, 628, 3, 24, 0, 0, 0.11%, 7, 0, 3, 1824.73
1572599393, 629, 18, 24, 0, 0, 0.11%, 7, 0, 3, 1857.24
1572599398, 631, 5, 24, 0, 0, 0.11%, 7, 0, 3, 1855.65
1572599403, 632, 19, 24, 0, 0, 0.11%, 7, 0, 3, 1851.35
1572599408, 633, 19, 24, 0, 0, 0.11%, 7, 0, 3, 1838.12
1572599413, 635, 13, 24, 0, 0, 0.11%, 7, 0, 3, 1792.98
1572599418, 637, 4, 24, 0, 0, 0.11%, 7, 0, 3, 1854.10
1572599423, 638, 17, 24, 0, 0, 0.11%, 7, 0, 3, 1860.25
1572599429, 640, 5, 24, 0, 0, 0.11%, 7, 0, 3, 1868.52
1572599434, 642, 3, 24, 0, 0, 0.11%, 7, 0, 3, 1879.75
1572599439, 643, 18, 24, 0, 0, 0.11%, 7, 0, 3, 1850.23
1572599444, 645, 13, 24, 0, 0, 0.11%, 7, 0, 3, 1857.93
1572599449, 647, 3, 24, 0, 0, 0.11%, 7, 0, 3, 1859.38
1572599454, 648, 16, 24, 0, 0, 0.11%, 7, 0, 3, 1867.93
1572599459, 650, 5, 24, 0, 0, 0.11%, 7, 0, 3, 1852.94
1572599464, 652, 2, 24, 0, 0, 0.11%, 7, 0, 3, 1874.25
1572599470, 653, 18, 24, 0, 0, 0.11%, 7, 0, 3, 1859.57
1572599475, 655, 14, 24, 0, 0, 0.11%, 7, 0, 3, 1844.51
1572599480, 657, 5, 24, 0, 0, 0.11%, 7, 0, 3, 1859.19
1572599485, 658, 19, 24, 0, 0, 0.11%, 7, 0, 3, 1875.67
1572599490, 660, 5, 24, 0, 0, 0.11%, 7, 0, 3, 1853.06
1572599495, 661, 19, 24, 0, 0, 0.11%, 7, 0, 3, 1868.15
1572599501, 663, 14, 24, 0, 0, 0.11%, 7, 0, 3, 1857.24
1572599506, 665, 8, 24, 0, 0, 0.11%, 7, 0, 3, 1843.48
1572599511, 667, 3, 24, 0, 0, 0.11%, 7, 0, 3, 1856.14
1572599516, 668, 16, 24, 0, 0, 0.11%, 7, 0, 3, 1871.67
1572599521, 670, 7, 24, 0, 0, 0.11%, 7, 0, 3, 1840.41
1572599526, 672, 0, 24, 0, 0, 0.11%, 7, 0, 3, 1853.23
1572599531, 673, 13, 24, 0, 0, 0.11%, 7, 0, 3, 1843.45
1572599536, 674, 19, 24, 0, 0, 0.11%, 7, 0, 3, 1866.77
1572599541, 676, 16, 24, 0, 0, 0.11%, 7, 0, 3, 1843.36
1572599547, 678, 13, 24, 0, 0, 0.11%, 7, 0, 3, 1869.08
1572599552, 680, 2, 24, 0, 0, 0.11%, 7, 0, 3, 1855.77
1572599557, 681, 18, 24, 0, 0, 0.11%, 7, 0, 3, 1865.19
1572599562, 683, 14, 24, 0, 0, 0.11%, 7, 0, 3, 1885.90
1572599567, 685, 3, 24, 0, 0, 0.11%, 7, 0, 3, 1829.53
1572599572, 687, 0, 24, 0, 0, 0.11%, 7, 0, 3, 1859.41
1572599577, 688, 16, 24, 0, 0, 0.11%, 7, 0, 3, 1876.91
1572599582, 690, 13, 24, 0, 0, 0.11%, 7, 0, 3, 1880.35
1572599588, 692, 4, 24, 0, 0, 0.11%, 7, 0, 3, 1883.13
1572599593, 693, 19, 24, 0, 0, 0.11%, 7, 0, 3, 1864.44
1572599598, 695, 14, 24, 0, 0, 0.11%, 7, 0, 3, 1861.20
1572599603, 697, 7, 24, 0, 0, 0.11%, 7, 0, 3, 1854.77
1572599608, 699, 0, 24, 0, 0, 0.11%, 7, 0, 3, 1875.54
1572599613, 700, 7, 24, 0, 0, 0.11%, 7, 0, 3, 1886.47
1572599618, 701, 21, 24, 0, 0, 0.11%, 7, 0, 3, 1855.91
1572599623, 703, 14, 24, 0, 0, 0.11%, 7, 0, 3, 1848.10
1572599629, 705, 13, 24, 0, 0, 0.11%, 7, 0, 3, 1864.34
1572599634, 707, 4, 24, 0, 0, 0.11%, 7, 0, 3, 1854.96
1572599639, 709, 0, 24, 0, 0, 0.11%, 7, 0, 3, 1865.49
1572599644, 710, 14, 24, 0, 0, 0.11%, 7, 0, 3, 1859.29
1572599649, 712, 5, 24, 0, 0, 0.11%, 7, 0, 3, 1859.19
1572599654, 714, 2, 24, 0, 0, 0.11%, 7, 0, 3, 1858.09
1572599660, 715, 19, 24, 0, 0, 0.11%, 7, 0, 3, 1860.81
1572599665, 717, 14, 24, 0, 0, 0.11%, 7, 0, 3, 1852.27
1572599670, 719, 2, 24, 0, 0, 0.11%, 7, 0, 3, 1839.65
1572599675, 720, 16, 24, 0, 0, 0.11%, 7, 0, 3, 1842.66
1572599680, 722, 8, 24, 0, 0, 0.11%, 7, 0, 3, 1847.43
1572599685, 724, 3, 24, 0, 0, 0.11%, 7, 0, 3, 1854.66
1572599690, 725, 18, 24, 0, 0, 0.11%, 7, 0, 3, 1844.24
1572599695, 727, 12, 24, 0, 0, 0.11%, 7, 0, 3, 1863.77
1572599701, 729, 2, 24, 0, 0, 0.11%, 7, 0, 3, 1847.94
1572599706, 730, 19, 24, 0, 0, 0.11%, 7, 0, 3, 1872.43
1572599711, 732, 10, 24, 0, 0, 0.11%, 7, 0, 3, 1851.42
1572599716, 733, 20, 24, 0, 0, 0.11%, 7, 0, 3, 1844.16
1572599721, 735, 8, 24, 0, 0, 0.11%, 7, 0, 3, 1834.70
1572599726, 737, 3, 24, 0, 0, 0.11%, 7, 0, 3, 1843.08
1572599731, 738, 18, 24, 0, 0, 0.11%, 7, 0, 3, 1868.75
1572599736, 740, 13, 24, 0, 0, 0.11%, 7, 0, 3, 1868.46
1572599741, 742, 3, 24, 0, 0, 0.11%, 7, 0, 3, 1756.54
1572599746, 743, 18, 24, 0, 0, 0.11%, 7, 0, 3, 1831.57
1572599751, 745, 13, 24, 0, 0, 0.11%, 7, 0, 3, 1850.93
1572599757, 747, 2, 24, 0, 0, 0.11%, 7, 0, 3, 1838.10
1572599762, 748, 14, 24, 0, 0, 0.11%, 7, 0, 3, 1859.68
1572599767, 750, 5, 24, 0, 0, 0.11%, 7, 0, 3, 1853.84
1572599772, 751, 18, 24, 0, 0, 0.11%, 7, 0, 3, 1852.02
1572599777, 753, 16, 24, 0, 0, 0.11%, 7, 0, 3, 1859.52
1572599782, 755, 2, 24, 0, 0, 0.11%, 7, 0, 3, 1844.78
1572599787, 756, 14, 24, 0, 0, 0.11%, 7, 0, 3, 1852.04
1572599792, 758, 5, 24, 0, 0, 0.11%, 7, 0, 3, 1855.87
1572599798, 760, 2, 24, 0, 0, 0.11%, 7, 0, 3, 1874.61
1572599803, 761, 19, 24, 0, 0, 0.11%, 7, 0, 3, 1873.95
1572599808, 763, 14, 24, 0, 0, 0.11%, 7, 0, 3, 1861.81
1572599813, 765, 5, 24, 0, 0, 0.11%, 7, 0, 3, 1865.35
1572599818, 766, 19, 24, 0, 0, 0.11%, 7, 0, 3, 1865.47
1572599823, 768, 13, 24, 0, 0, 0.11%, 7, 0, 3, 1833.21
1572599829, 770, 0, 24, 0, 0, 0.11%, 7, 0, 3, 1847.62
1572599834, 771, 5, 24, 0, 0, 0.11%, 7, 0, 3, 1853.12
1572599839, 773, 1, 24, 0, 0, 0.11%, 7, 0, 3, 1849.84
1572599844, 774, 16, 24, 0, 0, 0.11%, 7, 0, 3, 1845.03
1572599849, 776, 5, 24, 0, 0, 0.11%, 7, 0, 3, 1863.04
1572599854, 777, 16, 24, 0, 0, 0.11%, 7, 0, 3, 1830.46
1572599859, 779, 5, 24, 0, 0, 0.11%, 7, 0, 3, 1826.35
1572599864, 780, 19, 24, 0, 0, 0.11%, 7, 0, 3, 1841.20
1572599869, 782, 5, 24, 0, 0, 0.11%, 7, 0, 3, 1844.11
1572599874, 784, 1, 24, 0, 0, 0.11%, 7, 0, 3, 1866.60
1572599879, 785, 18, 24, 0, 0, 0.11%, 7, 0, 3, 1847.41
1572599885, 787, 11, 24, 0, 0, 0.11%, 7, 0, 3, 1847.50
1572599890, 789, 5, 24, 0, 0, 0.11%, 7, 0, 3, 1849.02
1572599895, 790, 18, 24, 0, 0, 0.11%, 7, 0, 3, 1860.31
1572599900, 792, 14, 24, 0, 0, 0.11%, 7, 0, 3, 1877.26
1572599905, 794, 5, 24, 0, 0, 0.11%, 7, 0, 3, 1821.61
1572599910, 796, 1, 24, 0, 0, 0.11%, 7, 0, 3, 1858.78
1572599915, 797, 16, 24, 0, 0, 0.11%, 7, 0, 3, 1859.19
1572599920, 799, 8, 24, 0, 0, 0.11%, 7, 0, 3, 1841.97
1572599925, 801, 2, 24, 0, 0, 0.11%, 7, 0, 3, 1849.85
1572599930, 802, 16, 24, 0, 0, 0.11%, 7, 0, 3, 1847.92
1572599935, 804, 3, 24, 0, 0, 0.11%, 7, 0, 3, 1838.79
1572599940, 805, 19, 24, 0, 0, 0.11%, 7, 0, 3, 1852.36
1572599945, 807, 5, 24, 0, 0, 0.11%, 7, 0, 3, 1840.60
1572599951, 809, 1, 24, 0, 0, 0.11%, 7, 0, 3, 1864.71
1572599956, 810, 5, 24, 0, 0, 0.11%, 7, 0, 3, 1849.22
1572599961, 811, 21, 24, 0, 0, 0.11%, 7, 0, 3, 1869.44
1572599966, 813, 3, 24, 0, 0, 0.11%, 7, 0, 3, 1837.19
1572599971, 814, 19, 24, 0, 0, 0.11%, 7, 0, 3, 1868.47
1572599976, 816, 13, 24, 0, 0, 0.11%, 7, 0, 3, 1852.33
1572599981, 818, 5, 24, 0, 0, 0.11%, 7, 0, 3, 1851.04
1572599986, 819, 10, 24, 0, 0, 0.11%, 7, 0, 3, 1860.85
1572599991, 821, 3, 24, 0, 0, 0.11%, 7, 0, 3, 1858.19
1572599996, 822, 19, 24, 0, 0, 0.11%, 7, 0, 3, 1862.43
1572600001, 824, 13, 24, 0, 0, 0.11%, 7, 0, 3, 1855.45
1572600006, 826, 4, 24, 0, 0, 0.11%, 7, 0, 3, 1834.66
1572600012, 827, 19, 24, 0, 0, 0.11%, 7, 0, 3, 1859.37
1572600017, 829, 13, 24, 0, 0, 0.11%, 7, 0, 3, 1854.31
1572600022, 831, 2, 24, 0, 0, 0.11%, 7, 0, 3, 1863.62
1572600027, 832, 17, 24, 0, 0, 0.11%, 7, 0, 3, 1863.37
1572600032, 834, 13, 24, 0, 0, 0.11%, 7, 0, 3, 1875.30
1572600037, 836, 2, 24, 0, 0, 0.11%, 7, 0, 3, 1859.41
1572600043, 837, 14, 24, 0, 0, 0.11%, 7, 0, 3, 1682.87
1572600048, 839, 2, 24, 0, 0, 0.11%, 7, 0, 3, 1665.99
1572600053, 840, 5, 24, 0, 0, 0.11%, 7, 0, 3, 1722.72
1572600058, 841, 19, 24, 0, 0, 0.11%, 7, 0, 3, 1789.03
1572600063, 843, 5, 24, 0, 0, 0.11%, 7, 0, 3, 1665.56
1572600068, 844, 10, 24, 0, 0, 0.11%, 7, 0, 3, 1399.50
1572600073, 845, 13, 24, 0, 0, 0.11%, 7, 0, 3, 1355.33
1572600079, 846, 18, 24, 0, 0, 0.11%, 7, 0, 3, 1396.20
1572600084, 848, 1, 24, 0, 0, 0.11%, 7, 0, 3, 1368.79
1572600089, 849, 12, 24, 0, 0, 0.11%, 7, 0, 3, 1645.96
1572600094, 851, 0, 24, 0, 0, 0.11%, 7, 0, 3, 1772.22
1572600099, 852, 6, 24, 0, 0, 0.11%, 7, 0, 3, 1784.89
1572600104, 853, 18, 24, 0, 0, 0.11%, 7, 0, 3, 1755.10
1572600109, 855, 13, 24, 0, 0, 0.11%, 7, 0, 3, 1786.12
1572600114, 856, 21, 24, 0, 0, 0.11%, 7, 0, 3, 1807.15
1572600120, 858, 14, 24, 0, 0, 0.11%, 7, 0, 3, 1785.89
1572600125, 860, 5, 24, 0, 0, 0.11%, 7, 0, 3, 1799.32
1572600130, 862, 0, 24, 0, 0, 0.11%, 7, 0, 3, 1796.81
1572600135, 863, 13, 24, 0, 0, 0.11%, 7, 0, 3, 1711.99
1572600140, 865, 2, 24, 0, 0, 0.11%, 7, 0, 3, 1765.60
1572600145, 866, 18, 24, 0, 0, 0.11%, 7, 0, 3, 1772.71
1572600151, 868, 14, 24, 0, 0, 0.11%, 7, 0, 3, 1776.19
1572600156, 870, 2, 24, 0, 0, 0.11%, 7, 0, 3, 1770.95
1572600161, 871, 14, 24, 0, 0, 0.11%, 7, 0, 3, 1780.71
1572600166, 873, 2, 24, 0, 0, 0.11%, 7, 0, 3, 1760.18
1572600171, 874, 18, 24, 0, 0, 0.11%, 7, 0, 3, 1756.99
1572600176, 876, 13, 24, 0, 0, 0.11%, 7, 0, 3, 1759.87
1572600182, 877, 19, 24, 0, 0, 0.11%, 7, 0, 3, 1666.14
1572600187, 879, 13, 24, 0, 0, 0.11%, 7, 0, 3, 1761.46
1572600192, 881, 4, 24, 0, 0, 0.11%, 7, 0, 3, 1780.92
1572600197, 882, 19, 24, 0, 0, 0.11%, 7, 0, 3, 1792.88
1572600202, 884, 13, 24, 0, 0, 0.11%, 7, 0, 3, 1775.33
1572600207, 886, 2, 24, 0, 0, 0.11%, 7, 0, 3, 1742.53
1572600212, 887, 16, 24, 0, 0, 0.11%, 7, 0, 3, 1766.16
1572600217, 889, 8, 24, 0, 0, 0.11%, 7, 0, 3, 1775.13
1572600222, 891, 2, 24, 0, 0, 0.11%, 7, 0, 3, 1770.50
1572600228, 892, 16, 24, 0, 0, 0.11%, 7, 0, 3, 1787.93
1572600233, 894, 2, 24, 0, 0, 0.11%, 7, 0, 3, 1787.88
1572600238, 895, 14, 24, 0, 0, 0.11%, 7, 0, 3, 1787.55
1572600243, 897, 4, 24, 0, 0, 0.11%, 7, 0, 3, 1778.75
1572600248, 898, 19, 24, 0, 0, 0.11%, 7, 0, 3, 1792.68
1572600253, 900, 14, 24, 0, 0, 0.11%, 7, 0, 3, 1788.05
1572600258, 902, 4, 24, 0, 0, 0.11%, 7, 0, 3, 1789.37
1572600263, 903, 18, 24, 0, 0, 0.11%, 7, 0, 3, 1773.17
1572600268, 904, 22, 24, 0, 0, 0.11%, 7, 0, 3, 1763.34
1572600273, 906, 8, 24, 0, 0, 0.11%, 7, 0, 3, 1787.53
1572600279, 908, 1, 24, 0, 0, 0.11%, 7, 0, 3, 1795.80
1572600284, 909, 14, 24, 0, 0, 0.11%, 7, 0, 3, 1791.13
1572600289, 911, 4, 24, 0, 0, 0.11%, 7, 0, 3, 1774.96
1572600294, 912, 19, 24, 0, 0, 0.11%, 7, 0, 3, 1794.96
1572600299, 914, 16, 24, 0, 0, 0.11%, 7, 0, 3, 1772.56
1572600304, 916, 2, 24, 0, 0, 0.11%, 7, 0, 3, 1710.31
1572600309, 917, 15, 24, 0, 0, 0.11%, 7, 0, 3, 1715.82
1572600314, 919, 5, 24, 0, 0, 0.11%, 7, 0, 3, 1767.00
1572600319, 920, 18, 24, 0, 0, 0.11%, 7, 0, 3, 1785.79
1572600324, 922, 13, 24, 0, 0, 0.11%, 7, 0, 3, 1773.80
1572600329, 923, 19, 24, 0, 0, 0.11%, 7, 0, 3, 1781.17
1572600334, 925, 13, 24, 0, 0, 0.11%, 7, 0, 3, 1771.26
1572600339, 926, 19, 24, 0, 0, 0.11%, 7, 0, 3, 1784.91
1572600345, 928, 16, 24, 0, 0, 0.11%, 7, 0, 3, 1783.64
1572600350, 930, 13, 24, 0, 0, 0.11%, 7, 0, 3, 1790.12
1572600355, 932, 4, 24, 0, 0, 0.11%, 7, 0, 3, 1779.64
1572600360, 933, 13, 24, 0, 0, 0.11%, 7, 0, 3, 1779.36
1572600365, 935, 3, 24, 0, 0, 0.11%, 7, 0, 3, 1783.27
1572600370, 936, 19, 24, 0, 0, 0.11%, 7, 0, 3, 1781.75
1572600375, 938, 8, 24, 0, 0, 0.11%, 7, 0, 3, 1791.34
1572600380, 939, 18, 24, 0, 0, 0.11%, 7, 0, 3, 1808.60
1572600385, 941, 13, 24, 0, 0, 0.11%, 7, 0, 3, 1792.51
1572600391, 943, 4, 24, 0, 0, 0.11%, 7, 0, 3, 1789.09
1572600396, 944, 19, 24, 0, 0, 0.11%, 7, 0, 3, 1778.04
1572600401, 946, 13, 24, 0, 0, 0.11%, 7, 0, 3, 1798.94
1572600406, 948, 2, 24, 0, 0, 0.11%, 7, 0, 3, 1773.70
1572600411, 949, 16, 24, 0, 0, 0.11%, 7, 0, 3, 1771.30
1572600416, 951, 2, 24, 0, 0, 0.11%, 7, 0, 3, 1790.70
1572600421, 952, 18, 24, 0, 0, 0.11%, 7, 0, 3, 1771.21
1572600427, 954, 8, 24, 0, 0, 0.11%, 7, 0, 3, 1806.11
1572600432, 955, 19, 24, 0, 0, 0.11%, 7, 0, 3, 1795.20
1572600437, 957, 5, 24, 0, 0, 0.11%, 7, 0, 3, 1781.53
1572600442, 958, 16, 24, 0, 0, 0.11%, 7, 0, 3, 1832.13
1572600447, 960, 8, 24, 0, 0, 0.11%, 7, 0, 3, 1845.44
1572600452, 962, 3, 24, 0, 0, 0.11%, 7, 0, 3, 1844.02
1572600457, 963, 19, 24, 0, 0, 0.11%, 7, 0, 3, 1847.38
1572600462, 965, 14, 24, 0, 0, 0.11%, 7, 0, 3, 1864.85
1572600467, 967, 4, 24, 0, 0, 0.11%, 7, 0, 3, 1844.31
1572600472, 968, 19, 24, 0, 0, 0.11%, 7, 0, 3, 1882.17
1572600477, 970, 5, 24, 0, 0, 0.11%, 7, 0, 3, 1877.70
1572600483, 972, 0, 24, 0, 0, 0.11%, 7, 0, 3, 1863.82
1572600488, 973, 14, 24, 0, 0, 0.11%, 7, 0, 3, 1851.23
1572600493, 975, 4, 24, 0, 0, 0.11%, 7, 0, 3, 1880.23
1572600498, 976, 18, 24, 0, 0, 0.11%, 7, 0, 3, 1875.87
1572600503, 978, 13, 24, 0, 0, 0.11%, 7, 0, 3, 1877.11
1572600508, 980, 5, 24, 0, 0, 0.11%, 7, 0, 3, 1851.24
1572600514, 981, 21, 24, 0, 0, 0.11%, 7, 0, 3, 1870.32
1572600519, 983, 13, 24, 0, 0, 0.11%, 7, 0, 3, 1864.43
1572600524, 985, 5, 24, 0, 0, 0.11%, 7, 0, 3, 1844.11
1572600529, 986, 13, 24, 0, 0, 0.11%, 7, 0, 3, 1710.00
1572600534, 988, 5, 24, 0, 0, 0.11%, 7, 0, 3, 1840.38
1572600539, 989, 19, 24, 0, 0, 0.11%, 7, 0, 3, 1884.48
1572600544, 991, 14, 24, 0, 0, 0.11%, 7, 0, 3, 1813.53
1572600549, 993, 8, 24, 0, 0, 0.11%, 7, 0, 3, 1852.90
1572600555, 995, 2, 24, 0, 0, 0.11%, 7, 0, 3, 1821.65
1572600560, 996, 16, 24, 0, 0, 0.11%, 7, 0, 3, 1871.66
1572600565, 998, 13, 24, 0, 0, 0.11%, 7, 0, 3, 1851.51
1572600570, 1000, 5, 24, 0, 0, 0.11%, 7, 0, 3, 1854.74
1572600575, 1002, 0, 24, 0, 0, 0.11%, 7, 0, 3, 1873.56
1572600580, 1003, 18, 24, 0, 0, 0.11%, 7, 0, 3, 1867.78
1572600586, 1005, 8, 24, 0, 0, 0.11%, 7, 0, 3, 1860.63
1572600591, 1007, 2, 24, 0, 0, 0.11%, 7, 0, 3, 1866.92
1572600596, 1008, 18, 24, 0, 0, 0.11%, 7, 0, 3, 1874.76
1572600601, 1010, 14, 24, 0, 0, 0.11%, 7, 0, 3, 1863.07
1572600606, 1012, 2, 24, 0, 0, 0.11%, 7, 0, 3, 1857.27
1572600611, 1013, 19, 24, 0, 0, 0.11%, 7, 0, 3, 1866.75
1572600616, 1015, 14, 24, 0, 0, 0.11%, 7, 0, 3, 1873.56
1572600621, 1017, 3, 24, 0, 0, 0.11%, 7, 0, 3, 1873.41
1572600626, 1018, 19, 24, 0, 0, 0.11%, 7, 0, 3, 1886.41
1572600631, 1020, 16, 24, 0, 0, 0.11%, 7, 0, 3, 1872.24
1572600637, 1022, 8, 24, 0, 0, 0.11%, 7, 0, 3, 1872.21
1572600642, 1024, 2, 24, 0, 0, 0.11%, 7, 0, 3, 1869.17
1572600647, 1025, 18, 24, 0, 0, 0.11%, 7, 0, 3, 1875.42
1572600652, 1027, 7, 24, 0, 0, 0.11%, 7, 0, 3, 1881.39
1572600657, 1029, 3, 24, 0, 0, 0.11%, 7, 0, 3, 1860.68
1572600662, 1030, 19, 24, 0, 0, 0.11%, 7, 0, 3, 1843.62
1572600668, 1032, 13, 24, 0, 0, 0.11%, 7, 0, 3, 1852.82
1572600673, 1034, 5, 24, 0, 0, 0.11%, 7, 0, 3, 1877.89
1572600678, 1035, 23, 24, 0, 0, 0.11%, 7, 0, 3, 1892.38
1572600683, 1037, 13, 24, 0, 0, 0.11%, 7, 0, 3, 1869.66
1572600688, 1039, 5, 24, 0, 0, 0.11%, 7, 0, 3, 1863.22
1572600693, 1041, 0, 24, 0, 0, 0.11%, 7, 0, 3, 1863.44
1572600699, 1042, 18, 24, 0, 0, 0.11%, 7, 0, 3, 1882.23
1572600704, 1044, 3, 24, 0, 0, 0.11%, 7, 0, 3, 1849.49
1572600709, 1045, 19, 24, 0, 0, 0.11%, 7, 0, 3, 1888.57
1572600714, 1047, 4, 24, 0, 0, 0.11%, 7, 0, 3, 1890.55
1572600719, 1048, 19, 24, 0, 0, 0.11%, 7, 0, 3, 1876.59
1572600724, 1050, 15, 24, 0, 0, 0.11%, 7, 0, 3, 1880.41
1572600729, 1052, 5, 24, 0, 0, 0.11%, 7, 0, 3, 1855.93
1572600734, 1054, 1, 24, 0, 0, 0.11%, 7, 0, 3, 1857.84
1572600739, 1055, 5, 24, 0, 0, 0.11%, 7, 0, 3, 1881.68
1572600744, 1056, 19, 24, 0, 0, 0.11%, 7, 0, 3, 1880.55
1572600750, 1058, 5, 24, 0, 0, 0.11%, 7, 0, 3, 1871.08
1572600755, 1059, 20, 24, 0, 0, 0.11%, 7, 0, 3, 1875.56
1572600760, 1061, 14, 24, 0, 0, 0.11%, 7, 0, 3, 1879.37
1572600765, 1063, 5, 24, 0, 0, 0.11%, 7, 0, 3, 1833.72
1572600770, 1064, 19, 24, 0, 0, 0.11%, 7, 0, 3, 1840.67
1572600775, 1066, 13, 24, 0, 0, 0.11%, 7, 0, 3, 1832.86
1572600780, 1068, 5, 24, 0, 0, 0.11%, 7, 0, 3, 1835.43
1572600786, 1070, 2, 24, 0, 0, 0.11%, 7, 0, 3, 1828.09
1572600791, 1071, 19, 24, 0, 0, 0.11%, 7, 0, 3, 1853.30
1572600796, 1073, 13, 24, 0, 0, 0.11%, 7, 0, 3, 1853.91
1572600801, 1075, 4, 24, 0, 0, 0.11%, 7, 0, 3, 1841.54
1572600806, 1076, 19, 24, 0, 0, 0.11%, 7, 0, 3, 1845.44
1572600811, 1078, 14, 24, 0, 0, 0.11%, 7, 0, 3, 1849.74
1572600816, 1080, 5, 24, 0, 0, 0.11%, 7, 0, 3, 1863.82
1572600821, 1082, 2, 24, 0, 0, 0.11%, 7, 0, 3, 1847.54
1572600827, 1083, 16, 24, 0, 0, 0.11%, 7, 0, 3, 1855.10
1572600832, 1085, 5, 24, 0, 0, 0.11%, 7, 0, 3, 1879.59
1572600837, 1087, 3, 24, 0, 0, 0.11%, 7, 0, 3, 1865.53
1572600842, 1088, 19, 24, 0, 0, 0.11%, 7, 0, 3, 1856.48
1572600847, 1090, 13, 24, 0, 0, 0.11%, 7, 0, 3, 1848.48
1572600852, 1092, 3, 24, 0, 0, 0.11%, 7, 0, 3, 1852.53
1572600857, 1093, 19, 24, 0, 0, 0.11%, 7, 0, 3, 1888.00
1572600863, 1095, 18, 24, 0, 0, 0.11%, 7, 0, 3, 1862.68
1572600868, 1096, 23, 24, 0, 0, 0.11%, 7, 0, 3, 1840.25
1572600873, 1098, 14, 24, 0, 0, 0.11%, 7, 0, 3, 1838.64
1572600878, 1100, 5, 24, 0, 0, 0.11%, 7, 0, 3, 1854.96
1572600883, 1102, 2, 24, 0, 0, 0.11%, 7, 0, 3, 1862.39
1572600888, 1103, 5, 24, 0, 0, 0.11%, 7, 0, 3, 1876.01
1572600893, 1104, 22, 24, 0, 0, 0.11%, 7, 0, 3, 1867.19
1572600899, 1106, 14, 24, 0, 0, 0.11%, 7, 0, 3, 1874.37
1572600904, 1107, 23, 24, 0, 0, 0.11%, 7, 0, 3, 1864.52
1572600909, 1109, 14, 24, 0, 0, 0.11%, 7, 0, 3, 1873.44
1572600914, 1111, 7, 24, 0, 0, 0.11%, 7, 0, 3, 1850.94
1572600919, 1113, 2, 24, 0, 0, 0.11%, 7, 0, 3, 1847.11
1572600924, 1114, 19, 24, 0, 0, 0.11%, 7, 0, 3, 1869.99
1572600930, 1116, 14, 24, 0, 0, 0.11%, 7, 0, 3, 1846.88
1572600935, 1118, 5, 24, 0, 0, 0.11%, 7, 0, 3, 1841.02
1572600940, 1119, 21, 24, 0, 0, 0.11%, 7, 0, 3, 1836.48
1572600945, 1121, 8, 24, 0, 0, 0.11%, 7, 0, 3, 1827.75
1572600950, 1123, 2, 24, 0, 0, 0.11%, 7, 0, 3, 1857.87
1572600955, 1124, 16, 24, 0, 0, 0.11%, 7, 0, 3, 1845.53
1572600961, 1126, 3, 24, 0, 0, 0.11%, 7, 0, 3, 1829.40
1572600966, 1127, 19, 24, 0, 0, 0.11%, 7, 0, 3, 1868.00
1572600971, 1129, 18, 24, 0, 0, 0.11%, 7, 0, 3, 1869.21
1572600976, 1131, 6, 24, 0, 0, 0.11%, 7, 0, 3, 1877.63
1572600981, 1133, 0, 24, 0, 0, 0.11%, 7, 0, 3, 1851.80
1572600986, 1134, 14, 24, 0, 0, 0.11%, 7, 0, 3, 1842.86
1572600991, 1136, 4, 24, 0, 0, 0.11%, 7, 0, 3, 1830.39
1572600996, 1137, 16, 24, 0, 0, 0.11%, 7, 0, 3, 1826.47
1572601001, 1139, 8, 24, 0, 0, 0.11%, 7, 0, 3, 1845.78
1572601006, 1140, 18, 24, 0, 0, 0.11%, 7, 0, 3, 1840.79
1572601011, 1142, 13, 24, 0, 0, 0.11%, 7, 0, 3, 1844.01
1572601017, 1144, 5, 24, 0, 0, 0.11%, 7, 0, 3, 1839.74
1572601022, 1145, 19, 24, 0, 0, 0.11%, 7, 0, 3, 1848.35
1572601027, 1147, 14, 24, 0, 0, 0.11%, 7, 0, 3, 1836.44
1572601032, 1149, 4, 24, 0, 0, 0.11%, 7, 0, 3, 1861.51
1572601037, 1150, 18, 24, 0, 0, 0.11%, 7, 0, 3, 1859.08
1572601042, 1152, 12, 24, 0, 0, 0.11%, 7, 0, 3, 1837.73
1572601048, 1154, 0, 24, 0, 0, 0.11%, 7, 0, 3, 1854.38
1572601053, 1155, 14, 24, 0, 0, 0.11%, 7, 0, 3, 1827.93
1572601058, 1157, 5, 24, 0, 0, 0.11%, 7, 0, 3, 1820.15
1572601063, 1159, 0, 24, 0, 0, 0.11%, 7, 0, 3, 1850.86
1572601068, 1160, 18, 24, 0, 0, 0.11%, 7, 0, 3, 1865.50
1572601073, 1162, 10, 24, 0, 0, 0.11%, 7, 0, 3, 1854.57
1572601079, 1164, 3, 24, 0, 0, 0.11%, 7, 0, 3, 1851.59
1572601084, 1165, 13, 24, 0, 0, 0.11%, 7, 0, 3, 1859.46
1572601089, 1167, 5, 24, 0, 0, 0.11%, 7, 0, 3, 1837.44
1572601094, 1168, 19, 24, 0, 0, 0.11%, 7, 0, 3, 1841.06
1572601099, 1170, 5, 24, 0, 0, 0.11%, 7, 0, 3, 1825.82
1572601104, 1171, 19, 24, 0, 0, 0.11%, 7, 0, 3, 1844.21
1572601109, 1173, 14, 24, 0, 0, 0.11%, 7, 0, 3, 1845.20
1572601114, 1175, 13, 24, 0, 0, 0.11%, 7, 0, 3, 1848.12
1572601119, 1177, 5, 24, 0, 0, 0.11%, 7, 0, 3, 1856.77
1572601124, 1178, 16, 24, 0, 0, 0.11%, 7, 0, 3, 1861.98
1572601130, 1180, 13, 24, 0, 0, 0.11%, 7, 0, 3, 1844.83
1572601135, 1182, 5, 24, 0, 0, 0.11%, 7, 0, 3, 1832.46
1572601140, 1184, 0, 24, 0, 0, 0.11%, 7, 0, 3, 1851.27
1572601145, 1185, 19, 24, 0, 0, 0.11%, 7, 0, 3, 1856.29
1572601150, 1187, 13, 24, 0, 0, 0.11%, 7, 0, 3, 1844.43
1572601155, 1188, 16, 24, 0, 0, 0.11%, 7, 0, 3, 1849.75
1572601160, 1190, 13, 24, 0, 0, 0.11%, 7, 0, 3, 1849.97
1572601165, 1192, 5, 24, 0, 0, 0.11%, 7, 0, 3, 1850.12
1572601170, 1193, 19, 24, 0, 0, 0.11%, 7, 0, 3, 1840.27
1572601175, 1195, 14, 24, 0, 0, 0.11%, 7, 0, 3, 1849.94
1572601180, 1197, 13, 24, 0, 0, 0.11%, 7, 0, 3, 1850.99
1572601185, 1199, 0, 24, 0, 0, 0.11%, 7, 0, 3, 1843.27
1572601191, 1200, 18, 24, 0, 0, 0.11%, 7, 0, 3, 1845.49
1572601196, 1202, 13, 24, 0, 0, 0.11%, 7, 0, 3, 1842.57
1572601201, 1204, 5, 24, 0, 0, 0.11%, 7, 0, 3, 1839.58
1572601206, 1205, 16, 24, 0, 0, 0.11%, 7, 0, 3, 1683.56
1572601211, 1207, 5, 24, 0, 0, 0.11%, 7, 0, 3, 1692.49
1572601216, 1208, 16, 24, 0, 0, 0.11%, 7, 0, 3, 1761.78
1572601221, 1210, 13, 24, 0, 0, 0.11%, 7, 0, 3, 1821.59
1572601226, 1211, 18, 24, 0, 0, 0.11%, 7, 0, 3, 1555.41
1572601231, 1213, 13, 24, 0, 0, 0.11%, 7, 0, 3, 1743.80
1572601236, 1215, 1, 24, 0, 0, 0.11%, 7, 0, 3, 1865.77
