# unix_time, cycles_done, cur_path, paths_total, pending_total, pending_favs, map_size, unique_crashes, unique_hangs, max_depth, execs_per_sec
1572597133, 0, 0, 1, 1, 1, 0.01%, 0, 0, 1, 727.27
1572597138, 0, 2, 19, 17, 13, 0.09%, 2, 0, 2, 1223.66
1572597143, 0, 5, 20, 15, 11, 0.09%, 3, 0, 2, 1780.79
1572597148, 0, 12, 20, 10, 5, 0.09%, 3, 0, 2, 1983.85
1572597153, 0, 17, 21, 7, 1, 0.09%, 3, 0, 2, 2410.34
1572597158, 1, 20, 22, 6, 0, 0.10%, 3, 0, 3, 2166.38
1572597163, 3, 14, 22, 5, 0, 0.10%, 4, 0, 3, 2038.93
1572597168, 3, 24, 25, 6, 1, 0.10%, 4, 0, 4, 1971.17
1572597173, 4, 7, 25, 5, 0, 0.10%, 4, 0, 4, 1939.02
1572597178, 5, 3, 25, 4, 0, 0.10%, 4, 0, 4, 2022.65
1572597183, 5, 17, 25, 3, 0, 0.10%, 4, 0, 4, 1946.79
1572597188, 6, 4, 25, 2, 0, 0.10%, 4, 0, 4, 1966.88
1572597193, 7, 4, 25, 2, 0, 0.10%, 4, 0, 4, 1946.35
1572597199, 7, 21, 25, 2, 0, 0.10%, 4, 0, 4, 2006.83
1572597204, 8, 16, 25, 1, 0, 0.10%, 4, 0, 4, 1979.63
1572597209, 9, 11, 25, 1, 0, 0.10%, 4, 0, 4, 1997.75
1572597214, 10, 12, 25, 0, 0, 0.10%, 4, 0, 4, 1962.14
1572597219, 11, 13, 25, 0, 0, 0.10%, 4, 0, 4, 1784.72
1572597224, 12, 6, 25, 0, 0, 0.10%, 4, 0, 4, 1817.69
1572597229, 13, 5, 25, 0, 0, 0.10%, 4, 0, 4, 1838.95
1572597234, 14, 4, 25, 0, 0, 0.10%, 4, 0, 4, 1749.40
1572597239, 15, 3, 25, 0, 0, 0.10%, 4, 0, 4, 1803.77
1572597244, 15, 24, 26, 1, 0, 0.10%, 4, 0, 4, 1802.36
1572597249, 17, 0, 26, 1, 0, 0.10%, 4, 0, 4, 1909.16
1572597254, 17, 24, 26, 1, 0, 0.10%, 4, 0, 4, 1955.57
1572597260, 18, 3, 26, 0, 0, 0.10%, 4, 0, 4, 1782.17
1572597265, 19, 0, 26, 0, 0, 0.10%, 4, 0, 4, 1778.44
1572597270, 19, 24, 26, 0, 0, 0.10%, 4, 0, 4, 1657.57
1572597275, 20, 14, 26, 0, 0, 0.10%, 4, 0, 4, 1537.22
1572597280, 21, 13, 26, 0, 0, 0.10%, 4, 0, 4, 1672.66
1572597285, 22, 8, 26, 0, 0, 0.10%, 4, 0, 4, 1747.28
1572597290, 23, 7, 26, 0, 0, 0.10%, 4, 0, 4, 1756.33
1572597295, 24, 3, 26, 0, 0, 0.10%, 4, 0, 4, 1696.51
1572597300, 24, 24, 26, 0, 0, 0.10%, 4, 0, 4, 1732.89
1572597305, 25, 16, 26, 0, 0, 0.10%, 4, 0, 4, 1810.28
1572597310, 26, 16, 26, 0, 0, 0.10%, 4, 0, 4, 1827.33
1572597315, 27, 8, 26, 0, 0, 0.10%, 4, 0, 4, 1747.53
1572597320, 28, 6, 26, 0, 0, 0.10%, 4, 0, 4, 1717.63
1572597326, 29, 5, 26, 0, 0, 0.10%, 5, 0, 4, 1725.34
1572597331, 30, 3, 26, 0, 0, 0.10%, 5, 0, 4, 1717.45
1572597336, 30, 24, 26, 0, 0, 0.10%, 5, 0, 4, 1666.09
1572597341, 31, 17, 26, 0, 0, 0.10%, 5, 0, 4, 1666.20
