# unix_time, cycles_done, cur_path, paths_total, pending_total, pending_favs, map_size, unique_crashes, unique_hangs, max_depth, execs_per_sec
1572012753, 0, 0, 6, 6, 1, 0.14%, 0, 0, 1, 149.07
1572012758, 0, 4, 14, 14, 1, 0.14%, 0, 0, 2, 229.19
1572012763, 0, 4, 15, 15, 1, 0.14%, 0, 0, 2, 251.86
1572012768, 0, 4, 16, 16, 1, 0.14%, 0, 0, 2, 244.47
1572012773, 0, 4, 17, 17, 1, 0.14%, 0, 0, 2, 249.54
1572012778, 0, 4, 18, 18, 1, 0.14%, 0, 0, 2, 243.45
1572012783, 0, 4, 19, 19, 1, 0.14%, 0, 0, 2, 260.71
1572012789, 0, 4, 21, 21, 1, 0.14%, 0, 0, 2, 163.79
1572012794, 0, 4, 31, 30, 0, 0.14%, 0, 0, 2, 20.20
1572012799, 0, 7, 32, 30, 2, 0.14%, 0, 0, 2, 326.26
1572012804, 0, 7, 34, 32, 2, 0.14%, 1, 0, 3, 193.25
1572012809, 0, 7, 34, 32, 2, 0.14%, 2, 0, 3, 131.40
1572012814, 0, 24, 34, 31, 1, 0.14%, 2, 0, 3, 149.53
1572012829, 0, 29, 34, 30, 0, 0.14%, 2, 0, 3, 65.99
1572012840, 1, 1, 34, 29, 0, 0.14%, 2, 0, 3, 132.62
1572012850, 1, 3, 35, 29, 0, 0.14%, 2, 0, 3, 119.04
1572012860, 1, 6, 35, 28, 0, 0.14%, 2, 0, 3, 164.21
1572012865, 1, 7, 35, 28, 0, 0.14%, 2, 0, 3, 46.52
1572012885, 1, 13, 35, 28, 0, 0.14%, 2, 0, 3, 75.99
1572012896, 1, 17, 35, 27, 0, 0.14%, 2, 0, 3, 82.03
1572012906, 1, 18, 35, 26, 0, 0.14%, 2, 0, 3, 143.40
1572012916, 1, 19, 35, 25, 0, 0.14%, 2, 0, 3, 76.97
1572012921, 1, 24, 35, 24, 0, 0.14%, 2, 0, 3, 193.49
1572012932, 1, 25, 35, 24, 0, 0.14%, 2, 0, 3, 93.74
1572012947, 2, 1, 35, 23, 0, 0.14%, 2, 0, 3, 83.39
1572012957, 2, 2, 35, 23, 0, 0.14%, 2, 0, 3, 106.58
1572012973, 2, 4, 35, 22, 0, 0.14%, 2, 0, 3, 143.67
1572012978, 2, 6, 35, 22, 0, 0.14%, 2, 0, 3, 193.60
1572012983, 2, 7, 35, 22, 0, 0.14%, 2, 0, 3, 230.67
1572012998, 2, 10, 35, 22, 0, 0.14%, 2, 0, 3, 82.17
1572013008, 2, 21, 35, 21, 0, 0.14%, 2, 0, 3, 47.14
1572013018, 2, 22, 35, 20, 0, 0.14%, 2, 0, 3, 75.46
1572013029, 2, 24, 35, 19, 0, 0.14%, 2, 0, 3, 99.42
1572013044, 2, 26, 35, 19, 0, 0.14%, 2, 0, 3, 149.07
1572013054, 2, 26, 35, 19, 0, 0.14%, 3, 0, 3, 125.31
1572013059, 2, 28, 35, 18, 0, 0.14%, 3, 0, 3, 121.44
1572013069, 3, 1, 35, 17, 0, 0.14%, 3, 0, 3, 137.47
1572013080, 3, 7, 35, 17, 0, 0.14%, 3, 0, 3, 242.06
1572013100, 3, 13, 35, 17, 0, 0.14%, 3, 0, 3, 81.19
1572013105, 3, 24, 35, 17, 0, 0.14%, 3, 0, 3, 110.30
1572013115, 4, 1, 35, 17, 0, 0.14%, 3, 0, 3, 201.59
1572013125, 4, 5, 35, 17, 0, 0.14%, 3, 0, 3, 147.60
1572013136, 4, 6, 35, 16, 0, 0.14%, 3, 0, 3, 130.03
1572013141, 4, 7, 35, 16, 0, 0.14%, 3, 0, 3, 38.65
1572013161, 4, 14, 35, 16, 0, 0.14%, 3, 0, 3, 81.03
1572013166, 4, 15, 35, 15, 0, 0.14%, 3, 0, 3, 74.77
1572013171, 4, 16, 35, 14, 0, 0.14%, 3, 0, 3, 78.00
1572013176, 4, 19, 35, 13, 0, 0.14%, 3, 0, 3, 78.77
1572013181, 4, 20, 35, 13, 0, 0.14%, 3, 0, 3, 75.87
1572013192, 4, 24, 35, 12, 0, 0.14%, 3, 0, 3, 225.17
1572013202, 4, 27, 35, 12, 0, 0.14%, 3, 0, 3, 82.76
1572013212, 4, 28, 35, 11, 0, 0.14%, 3, 0, 3, 69.91
1572013222, 4, 33, 35, 11, 0, 0.14%, 3, 0, 3, 93.52
1572013232, 5, 1, 35, 10, 0, 0.14%, 3, 0, 3, 160.08
1572013242, 5, 6, 35, 10, 0, 0.14%, 3, 0, 3, 180.29
1572013248, 5, 7, 35, 10, 0, 0.14%, 3, 0, 3, 208.10
1572013263, 5, 24, 35, 10, 0, 0.14%, 3, 0, 3, 206.29
1572013273, 6, 1, 35, 10, 0, 0.14%, 3, 0, 3, 137.19
1572013289, 6, 7, 35, 10, 0, 0.14%, 3, 0, 3, 239.15
1572013309, 6, 9, 35, 10, 0, 0.14%, 3, 0, 3, 193.07
1572013314, 6, 11, 35, 9, 0, 0.14%, 3, 0, 3, 159.61
1572013319, 6, 12, 35, 8, 0, 0.14%, 3, 0, 3, 131.79
1572013330, 6, 23, 35, 7, 0, 0.14%, 3, 0, 3, 78.00
1572013345, 6, 24, 35, 6, 0, 0.14%, 3, 0, 3, 166.44
1572013355, 7, 1, 35, 6, 0, 0.14%, 4, 0, 3, 161.90
1572013366, 7, 7, 35, 6, 0, 0.14%, 4, 0, 3, 212.93
1572013376, 7, 7, 35, 6, 0, 0.14%, 5, 0, 3, 118.19
1572013386, 7, 24, 35, 6, 0, 0.14%, 5, 0, 3, 208.59
1572013396, 7, 34, 35, 6, 0, 0.14%, 5, 0, 3, 123.74
1572013447, 8, 1, 35, 5, 0, 0.14%, 5, 0, 3, 152.46
1572013457, 8, 7, 35, 5, 0, 0.14%, 5, 0, 3, 259.03
1572013473, 8, 8, 35, 5, 0, 0.14%, 5, 0, 3, 146.79
1572013483, 8, 18, 35, 4, 0, 0.14%, 5, 0, 3, 203.94
1572013488, 8, 20, 35, 4, 0, 0.14%, 5, 0, 3, 188.17
1572013493, 8, 24, 35, 4, 0, 0.14%, 5, 0, 3, 237.74
1572013503, 8, 28, 35, 4, 0, 0.14%, 5, 0, 3, 108.03
1572013508, 8, 32, 35, 4, 0, 0.14%, 5, 0, 3, 108.07
1572013519, 8, 33, 35, 3, 0, 0.14%, 5, 0, 3, 161.04
1572013524, 9, 1, 35, 3, 0, 0.14%, 5, 0, 3, 192.12
1572013534, 9, 6, 35, 3, 0, 0.14%, 5, 0, 3, 219.11
1572013539, 9, 7, 35, 3, 0, 0.14%, 5, 0, 3, 190.49
1572013549, 9, 15, 35, 3, 0, 0.14%, 5, 0, 3, 110.03
1572013554, 9, 24, 35, 3, 0, 0.14%, 5, 0, 3, 184.41
1572013569, 9, 25, 35, 3, 0, 0.14%, 5, 0, 3, 97.74
1572013575, 9, 31, 35, 3, 0, 0.14%, 5, 0, 3, 71.69
1572013590, 10, 1, 35, 2, 0, 0.14%, 5, 0, 3, 147.29
1572013600, 10, 4, 35, 2, 0, 0.14%, 5, 0, 3, 152.02
1572013605, 10, 6, 35, 2, 0, 0.14%, 5, 0, 3, 158.36
1572013610, 10, 7, 35, 2, 0, 0.14%, 5, 0, 3, 247.75
1572013626, 10, 20, 35, 2, 0, 0.14%, 5, 0, 3, 140.91
1572013631, 10, 22, 35, 2, 0, 0.14%, 5, 0, 3, 101.48
1572013636, 10, 24, 35, 2, 0, 0.14%, 5, 0, 3, 176.26
1572013646, 10, 26, 35, 2, 0, 0.14%, 5, 0, 3, 186.07
1572013651, 11, 1, 35, 2, 0, 0.14%, 5, 0, 3, 191.02
1572013662, 11, 7, 35, 2, 0, 0.14%, 5, 0, 3, 236.18
1572013677, 11, 8, 35, 2, 0, 0.14%, 5, 0, 3, 164.42
1572013687, 11, 13, 35, 2, 0, 0.14%, 5, 0, 3, 111.35
1572013697, 11, 24, 35, 2, 0, 0.14%, 5, 0, 3, 189.26
1572013708, 12, 1, 35, 2, 0, 0.14%, 5, 0, 3, 158.48
1572013718, 12, 2, 35, 2, 0, 0.14%, 5, 0, 3, 151.51
1572013728, 12, 7, 35, 2, 0, 0.14%, 5, 0, 3, 260.26
1572013748, 12, 24, 35, 2, 0, 0.14%, 5, 0, 3, 235.03
1572013758, 12, 33, 35, 2, 0, 0.14%, 5, 0, 3, 121.67
1572013764, 13, 1, 35, 2, 0, 0.14%, 5, 0, 3, 37.50
1572013774, 13, 3, 35, 2, 0, 0.14%, 5, 0, 3, 153.10
1572013784, 13, 7, 35, 2, 0, 0.14%, 5, 0, 3, 250.12
1572013799, 13, 14, 35, 2, 0, 0.14%, 5, 0, 3, 101.04
1572013804, 13, 24, 35, 2, 0, 0.14%, 5, 0, 3, 188.68
1572013815, 14, 1, 35, 2, 0, 0.14%, 5, 0, 3, 177.05
1572013825, 14, 4, 35, 2, 0, 0.14%, 5, 0, 3, 156.26
1572013830, 14, 6, 35, 2, 0, 0.14%, 5, 0, 3, 196.55
1572013835, 14, 7, 35, 2, 0, 0.14%, 5, 0, 3, 50.00
1572013850, 14, 20, 35, 2, 0, 0.14%, 5, 0, 3, 116.49
1572013855, 14, 24, 35, 2, 0, 0.14%, 5, 0, 3, 214.77
1572013866, 15, 0, 35, 2, 0, 0.14%, 5, 0, 3, 186.22
1572013871, 15, 1, 35, 1, 0, 0.14%, 5, 0, 3, 153.77
1572013881, 15, 7, 35, 1, 0, 0.14%, 5, 0, 3, 231.43
1572013901, 15, 24, 35, 1, 0, 0.14%, 5, 0, 3, 213.22
1572013912, 15, 33, 35, 1, 0, 0.14%, 5, 1, 3, 147.90
1572013917, 16, 0, 35, 1, 0, 0.14%, 5, 1, 3, 173.79
1572013927, 16, 1, 35, 1, 0, 0.14%, 5, 1, 3, 122.53
1572013932, 16, 6, 35, 1, 0, 0.14%, 5, 1, 3, 127.79
1572013937, 16, 7, 35, 1, 0, 0.14%, 5, 1, 3, 241.50
1572013952, 16, 18, 35, 1, 0, 0.14%, 5, 1, 3, 153.09
1572013963, 16, 21, 35, 1, 0, 0.14%, 5, 1, 3, 96.51
1572013973, 16, 24, 35, 1, 0, 0.14%, 5, 1, 3, 218.33
1572013978, 16, 34, 35, 1, 0, 0.14%, 5, 1, 3, 201.42
1572013988, 17, 1, 35, 1, 0, 0.14%, 5, 1, 3, 32.30
1572013993, 17, 6, 35, 1, 0, 0.14%, 5, 1, 3, 339.60
1572013998, 17, 7, 35, 1, 0, 0.14%, 5, 1, 3, 287.78
1572014013, 17, 24, 35, 1, 0, 0.14%, 5, 1, 3, 197.44
1572014023, 17, 30, 35, 1, 0, 0.14%, 5, 1, 3, 24.99
1572014054, 17, 33, 35, 0, 0, 0.14%, 5, 1, 3, 104.04
1572014059, 18, 0, 35, 0, 0, 0.14%, 5, 1, 3, 156.70
1572014069, 18, 1, 35, 0, 0, 0.14%, 5, 1, 3, 181.26
1572014080, 18, 2, 35, 0, 0, 0.14%, 5, 1, 3, 135.45
1572014085, 18, 6, 35, 0, 0, 0.14%, 5, 1, 3, 199.73
1572014090, 18, 7, 35, 0, 0, 0.14%, 5, 1, 3, 40.41
1572014100, 18, 8, 35, 0, 0, 0.14%, 5, 1, 3, 170.32
1572014110, 18, 22, 35, 0, 0, 0.14%, 5, 1, 3, 99.86
1572014120, 18, 24, 35, 0, 0, 0.14%, 5, 1, 3, 209.67
1572014136, 19, 1, 35, 0, 0, 0.14%, 5, 1, 3, 121.14
1572014146, 19, 7, 35, 0, 0, 0.14%, 5, 1, 3, 246.90
1572014161, 19, 14, 35, 0, 0, 0.14%, 5, 1, 3, 98.70
1572014166, 19, 24, 35, 0, 0, 0.14%, 5, 1, 3, 142.58
1572014182, 20, 1, 35, 0, 0, 0.14%, 5, 1, 3, 150.97
1572014187, 20, 6, 35, 0, 0, 0.14%, 5, 1, 3, 156.29
1572014192, 20, 7, 35, 0, 0, 0.14%, 5, 1, 3, 33.47
1572014207, 20, 24, 35, 0, 0, 0.14%, 5, 1, 3, 213.61
1572014218, 21, 1, 35, 0, 0, 0.14%, 5, 1, 3, 153.36
1572014228, 21, 7, 35, 0, 0, 0.14%, 5, 1, 3, 234.85
1572014243, 21, 24, 35, 0, 0, 0.14%, 5, 1, 3, 222.65
1572014253, 22, 1, 35, 0, 0, 0.14%, 5, 1, 3, 184.55
1572014263, 22, 4, 35, 0, 0, 0.14%, 5, 1, 3, 160.99
1572014273, 22, 7, 35, 0, 0, 0.14%, 5, 1, 3, 237.62
1572014294, 22, 14, 35, 0, 0, 0.14%, 5, 1, 3, 67.78
1572014304, 22, 17, 35, 0, 0, 0.14%, 5, 1, 3, 97.19
1572014309, 22, 24, 35, 0, 0, 0.14%, 5, 1, 3, 205.27
1572014319, 23, 1, 35, 0, 0, 0.14%, 5, 1, 3, 153.51
1572014329, 23, 2, 35, 0, 0, 0.14%, 5, 1, 3, 134.04
1572014340, 23, 4, 35, 0, 0, 0.14%, 5, 1, 3, 119.06
1572014345, 23, 6, 35, 0, 0, 0.14%, 5, 1, 3, 180.52
1572014350, 23, 7, 35, 0, 0, 0.14%, 5, 1, 3, 249.16
1572014365, 23, 20, 35, 0, 0, 0.14%, 5, 1, 3, 140.88
1572014370, 23, 24, 35, 0, 0, 0.14%, 5, 1, 3, 217.24
1572014380, 24, 1, 35, 0, 0, 0.14%, 5, 1, 3, 144.78
1572014385, 24, 6, 35, 0, 0, 0.14%, 5, 1, 3, 209.93
1572014390, 24, 7, 35, 0, 0, 0.14%, 5, 1, 3, 245.69
1572014400, 24, 24, 35, 0, 0, 0.14%, 5, 1, 3, 144.99
1572014411, 25, 1, 35, 0, 0, 0.14%, 5, 1, 3, 210.72
1572014421, 25, 6, 35, 0, 0, 0.14%, 5, 1, 3, 175.34
1572014426, 25, 7, 35, 0, 0, 0.14%, 5, 1, 3, 38.75
1572014436, 25, 19, 35, 0, 0, 0.14%, 5, 1, 3, 125.26
1572014441, 25, 24, 35, 0, 0, 0.14%, 5, 1, 3, 164.37
1572014451, 25, 32, 35, 0, 0, 0.14%, 5, 1, 3, 183.39
1572014462, 26, 1, 35, 0, 0, 0.14%, 5, 1, 3, 156.57
1572014472, 26, 4, 35, 0, 0, 0.14%, 5, 1, 3, 119.19
1572014482, 26, 7, 35, 0, 0, 0.14%, 5, 1, 3, 261.02
1572014492, 26, 24, 35, 0, 0, 0.14%, 5, 1, 3, 216.60
1572014508, 27, 1, 35, 0, 0, 0.14%, 5, 1, 3, 166.46
1572014513, 27, 7, 35, 0, 0, 0.14%, 5, 1, 3, 256.95
1572014528, 27, 17, 35, 0, 0, 0.14%, 5, 1, 3, 93.72
1572014538, 27, 24, 35, 0, 0, 0.14%, 5, 1, 3, 194.37
1572014549, 28, 1, 35, 0, 0, 0.14%, 5, 1, 3, 269.71
1572014559, 28, 7, 35, 0, 0, 0.14%, 5, 1, 3, 257.63
1572014574, 28, 13, 35, 0, 0, 0.14%, 5, 1, 3, 104.72
1572014579, 28, 24, 35, 0, 0, 0.14%, 5, 1, 3, 158.71
1572014595, 28, 34, 35, 0, 0, 0.14%, 5, 1, 3, 162.53
1572014605, 29, 1, 35, 0, 0, 0.14%, 5, 1, 3, 139.98
1572014610, 29, 6, 35, 0, 0, 0.14%, 5, 1, 3, 200.63
1572014615, 29, 7, 35, 0, 0, 0.14%, 5, 1, 3, 239.75
1572014626, 29, 24, 35, 0, 0, 0.14%, 5, 1, 3, 124.09
1572014641, 29, 25, 35, 0, 0, 0.14%, 5, 1, 3, 92.35
1572014646, 30, 1, 35, 0, 0, 0.14%, 5, 1, 3, 167.88
1572014656, 30, 7, 35, 0, 0, 0.14%, 5, 1, 3, 232.59
1572014672, 30, 24, 35, 0, 0, 0.14%, 5, 1, 3, 213.16
1572014682, 31, 1, 35, 0, 0, 0.14%, 5, 1, 3, 176.55
1572014692, 31, 3, 35, 0, 0, 0.14%, 5, 1, 3, 166.17
1572014697, 31, 6, 35, 0, 0, 0.14%, 5, 1, 3, 137.78
1572014702, 31, 7, 35, 0, 0, 0.14%, 5, 1, 3, 262.32
1572014717, 31, 19, 35, 0, 0, 0.14%, 5, 1, 3, 88.81
1572014722, 31, 24, 35, 0, 0, 0.14%, 5, 1, 3, 147.21
1572014738, 32, 1, 35, 0, 0, 0.14%, 5, 1, 3, 133.96
1572014743, 32, 6, 35, 0, 0, 0.14%, 5, 1, 3, 154.19
1572014748, 32, 7, 35, 0, 0, 0.14%, 5, 1, 3, 223.73
1572014763, 32, 21, 35, 0, 0, 0.14%, 5, 1, 3, 99.76
1572014768, 32, 24, 35, 0, 0, 0.14%, 5, 1, 3, 161.62
1572014778, 32, 31, 35, 0, 0, 0.14%, 5, 1, 3, 143.72
1572014783, 33, 1, 35, 0, 0, 0.14%, 5, 1, 3, 167.81
1572014793, 33, 7, 35, 0, 0, 0.14%, 5, 1, 3, 252.39
1572014809, 33, 11, 35, 0, 0, 0.14%, 5, 1, 3, 123.87
1572014814, 33, 24, 35, 0, 0, 0.14%, 5, 1, 3, 233.78
1572014824, 33, 25, 35, 0, 0, 0.14%, 5, 1, 3, 137.69
1572014834, 34, 1, 35, 0, 0, 0.14%, 5, 1, 3, 101.67
1572014844, 34, 7, 35, 0, 0, 0.14%, 5, 1, 3, 244.58
1572014860, 34, 15, 35, 0, 0, 0.14%, 5, 1, 3, 91.92
1572014865, 34, 24, 35, 0, 0, 0.14%, 5, 1, 3, 202.21
1572014875, 34, 28, 35, 0, 0, 0.14%, 5, 1, 3, 150.85
1572014880, 35, 1, 35, 0, 0, 0.14%, 5, 1, 3, 149.66
1572014891, 35, 6, 35, 0, 0, 0.14%, 5, 1, 3, 209.79
1572014896, 35, 7, 35, 0, 0, 0.14%, 5, 1, 3, 196.49
1572014911, 35, 24, 35, 0, 0, 0.14%, 5, 1, 3, 200.60
1572014921, 35, 26, 35, 0, 0, 0.14%, 5, 1, 3, 169.58
1572014931, 36, 1, 35, 0, 0, 0.14%, 5, 1, 3, 152.93
1572014936, 36, 6, 35, 0, 0, 0.14%, 5, 1, 3, 201.02
1572014941, 36, 7, 35, 0, 0, 0.14%, 5, 1, 3, 36.84
1572014957, 36, 12, 35, 0, 0, 0.14%, 5, 1, 3, 113.81
1572014962, 36, 13, 35, 0, 0, 0.14%, 5, 1, 3, 125.15
1572014972, 36, 24, 35, 0, 0, 0.14%, 5, 1, 3, 195.35
1572014982, 37, 1, 35, 0, 0, 0.14%, 5, 1, 3, 176.14
1572014992, 37, 7, 35, 0, 0, 0.14%, 5, 1, 3, 267.77
1572015007, 37, 9, 35, 0, 0, 0.14%, 5, 1, 3, 127.40
1572015012, 37, 24, 35, 0, 0, 0.14%, 5, 1, 3, 165.45
1572015023, 38, 0, 35, 0, 0, 0.14%, 5, 1, 3, 195.43
1572015033, 38, 1, 35, 0, 0, 0.14%, 5, 1, 3, 137.55
1572015043, 38, 7, 35, 0, 0, 0.14%, 5, 1, 3, 224.44
1572015064, 38, 15, 35, 0, 0, 0.14%, 5, 1, 3, 89.62
1572015069, 38, 22, 35, 0, 0, 0.14%, 5, 1, 3, 108.26
1572015074, 38, 24, 35, 0, 0, 0.14%, 5, 1, 3, 184.52
1572015084, 38, 27, 35, 0, 0, 0.14%, 5, 1, 3, 162.54
1572015094, 39, 1, 35, 0, 0, 0.14%, 5, 1, 3, 135.98
1572015100, 39, 6, 35, 0, 0, 0.14%, 5, 1, 3, 152.29
1572015105, 39, 7, 35, 0, 0, 0.14%, 5, 1, 3, 244.12
1572015115, 39, 10, 35, 0, 0, 0.14%, 5, 1, 3, 139.89
1572015120, 39, 24, 35, 0, 0, 0.14%, 5, 1, 3, 234.90
1572015130, 39, 31, 35, 0, 0, 0.14%, 5, 1, 3, 121.20
1572015135, 40, 1, 35, 0, 0, 0.14%, 5, 1, 3, 148.17
1572015145, 40, 2, 35, 0, 0, 0.14%, 5, 1, 3, 160.04
1572015156, 40, 4, 35, 0, 0, 0.14%, 5, 1, 3, 140.78
1572015161, 40, 6, 35, 0, 0, 0.14%, 5, 1, 3, 235.82
1572015166, 40, 7, 35, 0, 0, 0.14%, 5, 1, 3, 207.28
1572015176, 40, 24, 35, 0, 0, 0.14%, 5, 1, 3, 230.23
1572015186, 41, 1, 35, 0, 0, 0.14%, 5, 1, 3, 203.85
1572015196, 41, 7, 35, 0, 0, 0.14%, 5, 1, 3, 226.05
1572015212, 41, 17, 35, 0, 0, 0.14%, 5, 1, 3, 107.29
1572015217, 41, 24, 35, 0, 0, 0.14%, 5, 1, 3, 175.36
1572015232, 42, 1, 35, 0, 0, 0.14%, 5, 1, 3, 182.43
1572015242, 42, 6, 35, 0, 0, 0.14%, 5, 1, 3, 206.71
1572015248, 42, 7, 35, 0, 0, 0.14%, 5, 1, 3, 204.16
1572015263, 42, 24, 35, 0, 0, 0.14%, 5, 1, 3, 225.31
1572015273, 43, 1, 35, 0, 0, 0.14%, 5, 1, 3, 190.63
1572015278, 43, 6, 35, 0, 0, 0.14%, 5, 1, 3, 150.83
1572015283, 43, 7, 35, 0, 0, 0.14%, 5, 1, 3, 259.29
1572015294, 43, 24, 35, 0, 0, 0.14%, 5, 1, 3, 150.26
1572015304, 43, 28, 35, 0, 0, 0.14%, 5, 1, 3, 182.05
1572015314, 44, 1, 35, 0, 0, 0.14%, 5, 1, 3, 141.90
1572015324, 44, 5, 35, 0, 0, 0.14%, 5, 1, 3, 165.77
1572015329, 44, 7, 35, 0, 0, 0.14%, 5, 1, 3, 253.28
1572015345, 44, 12, 35, 0, 0, 0.14%, 5, 1, 3, 131.61
1572015350, 44, 18, 35, 0, 0, 0.14%, 5, 1, 3, 146.88
1572015360, 44, 24, 35, 0, 0, 0.14%, 5, 1, 3, 228.61
1572015370, 45, 1, 35, 0, 0, 0.14%, 5, 1, 3, 186.84
1572015380, 45, 7, 35, 0, 0, 0.14%, 5, 1, 3, 260.39
1572015396, 45, 24, 35, 0, 0, 0.14%, 5, 1, 3, 238.70
1572015406, 46, 1, 35, 0, 0, 0.14%, 5, 1, 3, 169.75
1572015411, 46, 6, 35, 0, 0, 0.14%, 5, 1, 3, 229.65
1572015416, 46, 7, 35, 0, 0, 0.14%, 5, 1, 3, 50.72
1572015431, 46, 10, 35, 0, 0, 0.14%, 5, 1, 3, 95.10
1572015442, 46, 24, 35, 0, 0, 0.14%, 5, 1, 3, 178.34
1572015452, 47, 1, 35, 0, 0, 0.14%, 5, 1, 3, 149.79
1572015457, 47, 6, 35, 0, 0, 0.14%, 5, 1, 3, 181.86
1572015462, 47, 7, 35, 0, 0, 0.14%, 5, 1, 3, 251.01
1572015477, 47, 18, 35, 0, 0, 0.14%, 5, 1, 3, 123.23
1572015487, 47, 24, 35, 0, 0, 0.14%, 5, 1, 3, 256.29
1572015498, 48, 1, 35, 0, 0, 0.14%, 5, 1, 3, 205.60
1572015508, 48, 7, 35, 0, 0, 0.14%, 5, 1, 3, 325.58
1572015523, 48, 18, 35, 0, 0, 0.14%, 5, 1, 3, 168.16
1572015533, 48, 20, 35, 0, 0, 0.14%, 5, 1, 3, 150.62
1572015538, 48, 24, 35, 0, 0, 0.14%, 5, 1, 3, 211.00
1572015549, 48, 25, 35, 0, 0, 0.14%, 5, 1, 3, 92.87
1572015554, 49, 1, 35, 0, 0, 0.14%, 5, 1, 3, 178.54
1572015564, 49, 3, 35, 0, 0, 0.14%, 5, 1, 3, 120.09
1572015569, 49, 6, 35, 0, 0, 0.14%, 5, 1, 3, 162.92
1572015574, 49, 7, 35, 0, 0, 0.14%, 5, 1, 3, 254.31
1572015589, 49, 24, 35, 0, 0, 0.14%, 5, 1, 3, 190.29
1572015600, 50, 1, 35, 0, 0, 0.14%, 5, 1, 3, 176.67
1572015605, 50, 2, 35, 0, 0, 0.14%, 5, 1, 3, 170.25
1572015615, 50, 7, 35, 0, 0, 0.14%, 5, 1, 3, 267.10
1572015635, 50, 20, 35, 0, 0, 0.14%, 5, 1, 3, 131.76
1572015641, 50, 24, 35, 0, 0, 0.14%, 5, 1, 3, 238.99
1572015651, 51, 0, 35, 0, 0, 0.14%, 5, 1, 3, 182.72
1572015656, 51, 1, 35, 0, 0, 0.14%, 5, 1, 3, 159.36
1572015666, 51, 6, 35, 0, 0, 0.14%, 5, 1, 3, 218.85
1572015671, 51, 7, 35, 0, 0, 0.14%, 5, 1, 3, 58.21
1572015682, 51, 24, 35, 0, 0, 0.14%, 5, 1, 3, 194.92
1572015692, 52, 1, 35, 0, 0, 0.14%, 5, 1, 3, 183.47
1572015702, 52, 7, 35, 0, 0, 0.14%, 5, 1, 3, 260.72
1572015722, 52, 24, 35, 0, 0, 0.14%, 5, 1, 3, 233.91
1572015733, 52, 31, 35, 0, 0, 0.14%, 5, 1, 3, 124.97
1572015738, 53, 0, 35, 0, 0, 0.14%, 5, 1, 3, 151.46
1572015743, 53, 1, 35, 0, 0, 0.14%, 5, 1, 3, 196.23
1572015753, 53, 7, 35, 0, 0, 0.14%, 5, 1, 3, 233.52
1572015768, 53, 16, 35, 0, 0, 0.14%, 5, 1, 3, 120.59
1572015773, 53, 24, 35, 0, 0, 0.14%, 5, 1, 3, 206.70
1572015784, 53, 25, 35, 0, 0, 0.14%, 5, 1, 3, 130.68
1572015789, 54, 1, 35, 0, 0, 0.14%, 5, 1, 3, 141.89
1572015799, 54, 7, 35, 0, 0, 0.14%, 5, 1, 3, 229.09
1572015819, 54, 24, 35, 0, 0, 0.14%, 5, 1, 3, 113.24
1572015835, 55, 1, 35, 0, 0, 0.14%, 5, 1, 3, 145.98
1572015840, 55, 6, 35, 0, 0, 0.14%, 5, 1, 3, 123.82
1572015845, 55, 7, 35, 0, 0, 0.14%, 5, 1, 3, 242.52
1572015860, 55, 11, 35, 0, 0, 0.14%, 5, 1, 3, 142.54
1572015865, 55, 24, 35, 0, 0, 0.14%, 5, 1, 3, 214.89
1572015876, 56, 1, 35, 0, 0, 0.14%, 5, 1, 3, 51.26
1572015881, 56, 6, 35, 0, 0, 0.14%, 5, 1, 3, 104.01
1572015886, 56, 7, 35, 0, 0, 0.14%, 5, 1, 3, 262.02
1572015901, 56, 13, 35, 0, 0, 0.14%, 5, 1, 3, 106.49
1572015906, 56, 24, 35, 0, 0, 0.14%, 5, 1, 3, 153.99
1572015922, 56, 30, 35, 0, 0, 0.14%, 5, 1, 3, 82.34
1572015942, 57, 1, 35, 0, 0, 0.14%, 5, 1, 3, 107.70
1572015952, 57, 5, 35, 0, 0, 0.14%, 5, 1, 3, 154.24
1572015963, 57, 7, 35, 0, 0, 0.14%, 5, 1, 3, 271.61
1572015978, 57, 9, 35, 0, 0, 0.14%, 5, 1, 3, 121.68
1572015983, 57, 24, 35, 0, 0, 0.14%, 5, 1, 3, 129.67
1572015998, 58, 1, 35, 0, 0, 0.14%, 5, 1, 3, 154.00
1572016003, 58, 6, 35, 0, 0, 0.14%, 5, 1, 3, 164.23
1572016009, 58, 7, 35, 0, 0, 0.14%, 5, 1, 3, 235.53
1572016024, 58, 9, 35, 0, 0, 0.14%, 5, 1, 3, 120.55
1572016029, 58, 12, 35, 0, 0, 0.14%, 5, 1, 3, 126.79
1572016034, 58, 23, 35, 0, 0, 0.14%, 5, 1, 3, 101.70
1572016044, 58, 24, 35, 0, 0, 0.14%, 5, 1, 3, 195.08
1572016050, 59, 1, 35, 0, 0, 0.14%, 5, 1, 3, 210.61
1572016060, 59, 6, 35, 0, 0, 0.14%, 5, 1, 3, 230.04
1572016065, 59, 7, 35, 0, 0, 0.14%, 5, 1, 3, 209.51
1572016080, 59, 21, 35, 0, 0, 0.14%, 5, 1, 3, 84.64
1572016085, 59, 24, 35, 0, 0, 0.14%, 5, 1, 3, 176.85
1572016101, 59, 26, 35, 0, 0, 0.14%, 5, 1, 3, 186.69
1572016106, 60, 1, 35, 0, 0, 0.14%, 5, 1, 3, 171.84
1572016111, 60, 7, 35, 0, 0, 0.14%, 5, 1, 3, 252.43
1572016131, 60, 24, 35, 0, 0, 0.14%, 5, 1, 3, 230.65
1572016142, 60, 31, 35, 0, 0, 0.14%, 5, 1, 3, 108.63
1572016147, 61, 1, 35, 0, 0, 0.14%, 5, 1, 3, 154.39
1572016157, 61, 3, 35, 0, 0, 0.14%, 5, 1, 3, 127.91
1572016162, 61, 6, 35, 0, 0, 0.14%, 5, 1, 3, 200.11
1572016167, 61, 7, 35, 0, 0, 0.14%, 5, 1, 3, 210.74
1572016177, 61, 24, 35, 0, 0, 0.14%, 5, 1, 3, 171.11
1572016193, 62, 1, 35, 0, 0, 0.14%, 5, 1, 3, 215.20
1572016198, 62, 6, 35, 0, 0, 0.14%, 5, 1, 3, 237.77
1572016203, 62, 7, 35, 0, 0, 0.14%, 5, 1, 3, 69.87
1572016218, 62, 13, 35, 0, 0, 0.14%, 5, 1, 3, 125.81
1572016223, 62, 19, 35, 0, 0, 0.14%, 5, 1, 3, 106.98
1572016228, 62, 24, 35, 0, 0, 0.14%, 5, 1, 3, 190.24
1572016239, 63, 1, 35, 0, 0, 0.14%, 5, 1, 3, 194.96
1572016249, 63, 6, 35, 0, 0, 0.14%, 5, 1, 3, 153.34
1572016254, 63, 7, 35, 0, 0, 0.14%, 5, 1, 3, 235.59
1572016269, 63, 13, 35, 0, 0, 0.14%, 5, 1, 3, 122.54
1572016274, 63, 17, 35, 0, 0, 0.14%, 5, 1, 3, 114.23
1572016285, 63, 24, 35, 0, 0, 0.14%, 5, 1, 3, 170.27
1572016295, 63, 30, 35, 0, 0, 0.14%, 5, 1, 3, 101.98
1572016320, 63, 32, 35, 0, 0, 0.14%, 5, 1, 3, 145.31
1572016330, 64, 1, 35, 0, 0, 0.14%, 5, 1, 3, 166.08
1572016335, 64, 6, 35, 0, 0, 0.14%, 5, 1, 3, 162.94
1572016340, 64, 7, 35, 0, 0, 0.14%, 5, 1, 3, 247.44
1572016356, 64, 24, 35, 0, 0, 0.14%, 5, 1, 3, 188.06
1572016366, 65, 1, 35, 0, 0, 0.14%, 5, 1, 3, 187.93
1572016376, 65, 3, 35, 0, 0, 0.14%, 5, 1, 3, 111.81
1572016381, 65, 6, 35, 0, 0, 0.14%, 5, 1, 3, 144.41
1572016386, 65, 7, 35, 0, 0, 0.14%, 5, 1, 3, 225.99
1572016396, 65, 24, 35, 0, 0, 0.14%, 5, 1, 3, 161.93
1572016406, 66, 1, 35, 0, 0, 0.14%, 5, 1, 3, 226.78
1572016417, 66, 7, 35, 0, 0, 0.14%, 5, 1, 3, 263.79
1572016432, 66, 24, 35, 0, 0, 0.14%, 5, 1, 3, 130.97
1572016442, 67, 1, 35, 0, 0, 0.14%, 5, 1, 3, 201.35
1572016452, 67, 2, 35, 0, 0, 0.14%, 5, 1, 3, 150.01
1572016463, 67, 7, 35, 0, 0, 0.14%, 5, 1, 3, 269.72
1572016478, 67, 24, 35, 0, 0, 0.14%, 5, 1, 3, 234.45
1572016488, 67, 25, 35, 0, 0, 0.14%, 5, 1, 3, 24.90
1572016493, 67, 26, 35, 0, 0, 0.14%, 5, 1, 3, 116.84
1572016498, 68, 1, 35, 0, 0, 0.14%, 5, 1, 3, 188.76
1572016508, 68, 7, 35, 0, 0, 0.14%, 5, 1, 3, 274.90
1572016529, 68, 23, 35, 0, 0, 0.14%, 5, 1, 3, 88.99
1572016534, 68, 24, 35, 0, 0, 0.14%, 5, 1, 3, 245.15
1572016544, 68, 32, 35, 0, 0, 0.14%, 5, 1, 3, 183.52
1572016549, 69, 1, 35, 0, 0, 0.14%, 5, 1, 3, 197.50
1572016559, 69, 7, 35, 0, 0, 0.14%, 5, 1, 3, 239.30
1572016575, 69, 22, 35, 0, 0, 0.14%, 5, 1, 3, 121.54
1572016585, 69, 24, 35, 0, 0, 0.14%, 5, 1, 3, 173.21
1572016595, 69, 27, 35, 0, 0, 0.14%, 5, 1, 3, 104.60
1572016600, 70, 1, 35, 0, 0, 0.14%, 5, 1, 3, 153.43
1572016610, 70, 3, 35, 0, 0, 0.14%, 5, 1, 3, 140.33
1572016615, 70, 6, 35, 0, 0, 0.14%, 5, 1, 3, 151.81
1572016621, 70, 7, 35, 0, 0, 0.14%, 5, 1, 3, 238.88
1572016636, 70, 21, 35, 0, 0, 0.14%, 5, 1, 3, 67.16
1572016641, 70, 24, 35, 0, 0, 0.14%, 5, 1, 3, 111.02
1572016651, 70, 32, 35, 0, 0, 0.14%, 5, 1, 3, 178.69
1572016662, 71, 1, 35, 0, 0, 0.14%, 5, 1, 3, 50.02
1572016672, 71, 7, 35, 0, 0, 0.14%, 5, 1, 3, 268.81
1572016687, 71, 18, 35, 0, 0, 0.14%, 5, 1, 3, 167.72
1572016692, 71, 24, 35, 0, 0, 0.14%, 5, 1, 3, 185.86
1572016702, 71, 33, 35, 0, 0, 0.14%, 5, 1, 3, 173.59
1572016707, 72, 1, 35, 0, 0, 0.14%, 5, 1, 3, 193.26
1572016717, 72, 4, 35, 0, 0, 0.14%, 5, 1, 3, 167.44
1572016728, 72, 7, 35, 0, 0, 0.14%, 5, 1, 3, 277.93
1572016748, 72, 24, 35, 0, 0, 0.14%, 5, 1, 3, 231.96
1572016758, 73, 1, 35, 0, 0, 0.14%, 5, 1, 3, 173.87
1572016763, 73, 6, 35, 0, 0, 0.14%, 5, 1, 3, 234.77
1572016768, 73, 7, 35, 0, 0, 0.14%, 5, 1, 3, 167.84
1572016784, 73, 24, 35, 0, 0, 0.14%, 5, 1, 3, 217.72
1572016794, 74, 1, 35, 0, 0, 0.14%, 5, 1, 3, 160.83
1572016804, 74, 7, 35, 0, 0, 0.14%, 5, 1, 3, 270.97
1572016819, 74, 19, 35, 0, 0, 0.14%, 5, 1, 3, 93.60
1572016825, 74, 24, 35, 0, 0, 0.14%, 5, 1, 3, 198.56
1572016835, 75, 1, 35, 0, 0, 0.14%, 5, 1, 3, 209.78
1572016840, 75, 6, 35, 0, 0, 0.14%, 5, 1, 3, 172.26
1572016845, 75, 7, 35, 0, 0, 0.14%, 5, 1, 3, 43.33
1572016860, 75, 9, 35, 0, 0, 0.14%, 5, 1, 3, 149.90
1572016865, 75, 11, 35, 0, 0, 0.14%, 5, 1, 3, 140.23
1572016870, 75, 24, 35, 0, 0, 0.14%, 5, 1, 3, 168.58
1572016881, 76, 1, 35, 0, 0, 0.14%, 5, 1, 3, 186.23
1572016891, 76, 7, 35, 0, 0, 0.14%, 5, 1, 3, 253.02
1572016906, 76, 24, 35, 0, 0, 0.14%, 5, 1, 3, 152.42
1572016916, 76, 28, 35, 0, 0, 0.14%, 5, 1, 3, 177.44
1572016926, 77, 1, 35, 0, 0, 0.14%, 5, 1, 3, 119.84
1572016931, 77, 4, 35, 0, 0, 0.14%, 5, 1, 3, 121.70
1572016942, 77, 7, 35, 0, 0, 0.14%, 5, 1, 3, 237.71
1572016962, 77, 24, 35, 0, 0, 0.14%, 5, 1, 3, 207.41
1572016972, 77, 27, 35, 0, 0, 0.14%, 5, 1, 3, 125.62
1572016982, 78, 1, 35, 0, 0, 0.14%, 5, 1, 3, 120.68
1572016987, 78, 6, 35, 0, 0, 0.14%, 5, 1, 3, 188.10
1572016992, 78, 7, 35, 0, 0, 0.14%, 5, 1, 3, 215.06
1572017002, 78, 24, 35, 0, 0, 0.14%, 5, 1, 3, 221.54
1572017013, 79, 1, 35, 0, 0, 0.14%, 5, 1, 3, 209.64
1572017023, 79, 7, 35, 0, 0, 0.14%, 5, 1, 3, 265.93
1572017038, 79, 24, 35, 0, 0, 0.14%, 5, 1, 3, 196.20
1572017048, 79, 25, 35, 0, 0, 0.14%, 5, 1, 3, 131.44
1572017058, 79, 30, 35, 0, 0, 0.14%, 5, 1, 3, 55.64
1572017079, 80, 1, 35, 0, 0, 0.14%, 5, 1, 3, 147.90
1572017089, 80, 7, 35, 0, 0, 0.14%, 5, 1, 3, 263.22
1572017104, 80, 13, 35, 0, 0, 0.14%, 5, 1, 3, 132.08
1572017109, 80, 24, 35, 0, 0, 0.14%, 5, 1, 3, 113.28
1572017120, 80, 27, 35, 0, 0, 0.14%, 5, 1, 3, 169.56
1572017130, 81, 1, 35, 0, 0, 0.14%, 5, 1, 3, 111.29
1572017135, 81, 2, 35, 0, 0, 0.14%, 5, 1, 3, 170.69
1572017145, 81, 7, 35, 0, 0, 0.14%, 5, 1, 3, 274.41
1572017161, 81, 24, 35, 0, 0, 0.14%, 5, 1, 3, 208.15
1572017171, 81, 29, 35, 0, 0, 0.14%, 5, 1, 3, 126.19
1572017181, 82, 1, 35, 0, 0, 0.14%, 5, 1, 3, 128.68
1572017186, 82, 6, 35, 0, 0, 0.14%, 5, 1, 3, 173.51
1572017191, 82, 7, 35, 0, 0, 0.14%, 5, 1, 3, 197.06
1572017207, 82, 8, 35, 0, 0, 0.14%, 5, 1, 3, 154.30
1572017217, 82, 24, 35, 0, 0, 0.14%, 5, 1, 3, 202.47
1572017227, 82, 26, 35, 0, 0, 0.14%, 5, 1, 3, 163.20
1572017232, 83, 1, 35, 0, 0, 0.14%, 5, 1, 3, 197.12
1572017242, 83, 7, 35, 0, 0, 0.14%, 5, 1, 3, 264.27
1572017257, 83, 11, 35, 0, 0, 0.14%, 5, 1, 3, 136.41
1572017262, 83, 24, 35, 0, 0, 0.14%, 5, 1, 3, 171.57
1572017278, 83, 26, 35, 0, 0, 0.14%, 5, 1, 3, 176.03
1572017283, 84, 1, 35, 0, 0, 0.14%, 5, 1, 3, 165.17
1572017293, 84, 7, 35, 0, 0, 0.14%, 5, 1, 3, 262.35
1572017309, 84, 24, 35, 0, 0, 0.14%, 5, 1, 3, 199.13
1572017319, 85, 1, 35, 0, 0, 0.14%, 5, 1, 3, 158.23
1572017329, 85, 6, 35, 0, 0, 0.14%, 5, 1, 3, 190.78
1572017334, 85, 7, 35, 0, 0, 0.14%, 5, 1, 3, 197.92
1572017344, 85, 24, 35, 0, 0, 0.14%, 5, 1, 3, 170.55
1572017360, 86, 1, 35, 0, 0, 0.14%, 5, 1, 3, 135.34
1572017365, 86, 2, 35, 0, 0, 0.14%, 5, 1, 3, 164.50
1572017375, 86, 6, 35, 0, 0, 0.14%, 5, 1, 3, 218.23
1572017380, 86, 7, 35, 0, 0, 0.14%, 5, 1, 3, 183.03
1572017395, 86, 24, 35, 0, 0, 0.14%, 5, 1, 3, 223.56
1572017406, 86, 28, 35, 0, 0, 0.14%, 5, 1, 3, 119.42
1572017416, 87, 1, 35, 0, 0, 0.14%, 5, 1, 3, 123.59
1572017426, 87, 3, 35, 0, 0, 0.14%, 5, 1, 3, 127.56
1572017441, 87, 7, 35, 0, 0, 0.14%, 5, 1, 3, 186.12
1572017462, 87, 24, 35, 0, 0, 0.14%, 5, 1, 3, 180.50
1572017477, 88, 1, 35, 0, 0, 0.14%, 5, 1, 3, 110.95
1572017487, 88, 6, 35, 0, 0, 0.14%, 5, 1, 3, 113.24
1572017493, 88, 7, 35, 0, 0, 0.14%, 5, 1, 3, 194.12
1572017518, 88, 24, 35, 0, 0, 0.14%, 5, 1, 3, 154.77
1572017534, 89, 1, 35, 0, 0, 0.14%, 5, 1, 3, 150.50
1572017544, 89, 6, 35, 0, 0, 0.14%, 5, 1, 3, 90.21
1572017549, 89, 7, 35, 0, 0, 0.14%, 5, 1, 3, 176.27
1572017570, 89, 24, 35, 0, 0, 0.14%, 5, 1, 3, 162.78
1572017590, 90, 1, 35, 0, 0, 0.14%, 5, 1, 3, 100.19
1572017600, 90, 7, 35, 0, 0, 0.14%, 5, 1, 3, 199.51
1572017621, 90, 24, 35, 0, 0, 0.14%, 5, 1, 3, 202.81
1572017631, 91, 0, 35, 0, 0, 0.14%, 5, 1, 3, 152.63
1572017636, 91, 1, 35, 0, 0, 0.14%, 5, 1, 3, 132.35
1572017646, 91, 6, 35, 0, 0, 0.14%, 5, 1, 3, 131.73
1572017651, 91, 7, 35, 0, 0, 0.14%, 5, 1, 3, 251.57
1572017667, 91, 24, 35, 0, 0, 0.14%, 5, 1, 3, 153.68
1572017682, 91, 26, 35, 0, 0, 0.14%, 5, 1, 3, 170.59
1572017687, 92, 1, 35, 0, 0, 0.14%, 5, 1, 3, 169.54
1572017698, 92, 6, 35, 0, 0, 0.14%, 5, 1, 3, 191.25
1572017703, 92, 7, 35, 0, 0, 0.14%, 5, 1, 3, 176.91
1572017718, 92, 20, 35, 0, 0, 0.14%, 5, 1, 3, 124.13
1572017723, 92, 24, 35, 0, 0, 0.14%, 5, 1, 3, 201.41
1572017738, 92, 25, 35, 0, 0, 0.14%, 5, 1, 3, 79.57
1572017744, 93, 1, 35, 0, 0, 0.14%, 5, 1, 3, 134.86
1572017754, 93, 7, 35, 0, 0, 0.14%, 5, 1, 3, 212.42
1572017774, 93, 12, 35, 0, 0, 0.14%, 5, 1, 3, 114.84
1572017779, 93, 24, 35, 0, 0, 0.14%, 5, 1, 3, 213.96
1572017789, 93, 28, 35, 0, 0, 0.14%, 5, 1, 3, 137.73
1572017794, 94, 1, 35, 0, 0, 0.14%, 5, 1, 3, 102.37
1572017805, 94, 6, 35, 0, 0, 0.14%, 5, 1, 3, 60.33
1572017810, 94, 7, 35, 0, 0, 0.14%, 5, 1, 3, 269.92
1572017826, 94, 24, 35, 0, 0, 0.14%, 5, 1, 3, 201.49
1572017836, 94, 28, 35, 0, 0, 0.14%, 5, 1, 3, 144.05
1572017846, 95, 1, 35, 0, 0, 0.14%, 5, 1, 3, 146.61
1572017851, 95, 7, 35, 0, 0, 0.14%, 5, 1, 3, 221.88
1572017872, 95, 14, 35, 0, 0, 0.14%, 5, 1, 3, 63.33
1572017877, 95, 24, 35, 0, 0, 0.14%, 5, 1, 3, 151.24
1572017892, 96, 1, 35, 0, 0, 0.14%, 5, 1, 3, 33.67
1572017902, 96, 6, 35, 0, 0, 0.14%, 5, 1, 3, 85.33
1572017907, 96, 7, 35, 0, 0, 0.14%, 5, 1, 3, 159.98
1572017933, 96, 24, 35, 0, 0, 0.14%, 5, 1, 3, 85.95
1572017959, 97, 1, 35, 0, 0, 0.14%, 5, 1, 3, 111.29
1572017969, 97, 6, 35, 0, 0, 0.14%, 5, 1, 3, 92.15
1572017974, 97, 7, 35, 0, 0, 0.14%, 5, 1, 3, 163.46
1572018000, 97, 12, 35, 0, 0, 0.14%, 5, 1, 3, 53.28
1572018015, 97, 24, 35, 0, 0, 0.14%, 5, 1, 3, 154.31
1572018030, 97, 28, 35, 0, 0, 0.14%, 5, 1, 3, 96.06
1572018046, 98, 1, 35, 0, 0, 0.14%, 5, 1, 3, 106.80
1572018056, 98, 5, 35, 0, 0, 0.14%, 5, 1, 3, 100.41
1572018071, 98, 7, 35, 0, 0, 0.14%, 5, 1, 3, 232.82
1572018092, 98, 21, 35, 0, 0, 0.14%, 5, 1, 3, 85.58
1572018102, 98, 24, 35, 0, 0, 0.14%, 5, 1, 3, 168.90
1572018112, 98, 34, 35, 0, 0, 0.14%, 5, 1, 3, 99.32
1572018122, 99, 1, 35, 0, 0, 0.14%, 5, 1, 3, 144.32
1572018132, 99, 6, 35, 0, 0, 0.14%, 5, 1, 3, 152.11
1572018138, 99, 7, 35, 0, 0, 0.14%, 5, 1, 3, 155.70
1572018158, 99, 9, 35, 0, 0, 0.14%, 5, 1, 3, 79.60
1572018168, 99, 24, 35, 0, 0, 0.14%, 5, 1, 3, 174.50
1572018183, 100, 1, 35, 0, 0, 0.14%, 5, 1, 3, 142.71
1572018193, 100, 2, 35, 0, 0, 0.14%, 5, 1, 3, 31.35
1572018198, 100, 6, 35, 0, 0, 0.14%, 5, 1, 3, 183.45
1572018203, 100, 7, 35, 0, 0, 0.14%, 5, 1, 3, 249.17
1572018224, 100, 11, 35, 0, 0, 0.14%, 5, 1, 3, 83.94
1572018234, 100, 24, 35, 0, 0, 0.14%, 5, 1, 3, 144.67
1572018244, 100, 32, 35, 0, 0, 0.14%, 5, 1, 3, 169.15
1572018255, 101, 1, 35, 0, 0, 0.14%, 5, 1, 3, 189.92
1572018265, 101, 6, 35, 0, 0, 0.14%, 5, 1, 3, 188.36
1572018270, 101, 7, 35, 0, 0, 0.14%, 5, 1, 3, 180.28
1572018285, 101, 15, 35, 0, 0, 0.14%, 5, 1, 3, 82.98
1572018290, 101, 19, 35, 0, 0, 0.14%, 5, 1, 3, 77.18
1572018296, 101, 24, 35, 0, 0, 0.14%, 5, 1, 3, 211.70
1572018306, 102, 1, 35, 0, 0, 0.14%, 5, 1, 3, 188.49
1572018316, 102, 7, 35, 0, 0, 0.14%, 5, 1, 3, 243.77
1572018342, 102, 18, 35, 0, 0, 0.14%, 5, 1, 3, 119.66
1572018357, 102, 24, 35, 0, 0, 0.14%, 5, 1, 3, 161.74
1572018377, 102, 28, 35, 0, 0, 0.14%, 5, 1, 3, 92.48
1572018393, 103, 1, 35, 0, 0, 0.14%, 5, 1, 3, 88.85
1572018408, 103, 7, 35, 0, 0, 0.14%, 5, 1, 3, 150.45
1572018439, 103, 24, 35, 0, 0, 0.14%, 5, 1, 3, 127.82
1572018459, 103, 29, 35, 0, 0, 0.14%, 5, 1, 3, 54.54
1572018470, 104, 1, 35, 0, 0, 0.14%, 5, 1, 3, 98.07
1572018480, 104, 6, 35, 0, 0, 0.14%, 5, 1, 3, 200.89
1572018485, 104, 7, 35, 0, 0, 0.14%, 5, 1, 3, 208.79
1572018500, 104, 16, 35, 0, 0, 0.14%, 5, 1, 3, 78.33
1572018505, 104, 20, 35, 0, 0, 0.14%, 5, 1, 3, 102.43
1572018510, 104, 23, 35, 0, 0, 0.14%, 5, 1, 3, 108.28
1572018526, 104, 24, 35, 0, 0, 0.14%, 5, 1, 3, 143.81
1572018541, 105, 1, 35, 0, 0, 0.14%, 5, 1, 3, 102.43
1572018556, 105, 6, 35, 0, 0, 0.14%, 5, 1, 3, 134.31
1572018561, 105, 7, 35, 0, 0, 0.14%, 5, 1, 3, 180.89
1572018587, 105, 23, 35, 0, 0, 0.14%, 5, 1, 3, 54.94
1572018602, 105, 24, 35, 0, 0, 0.14%, 5, 1, 3, 140.83
1572018617, 105, 25, 35, 0, 0, 0.14%, 5, 1, 3, 74.63
1572018628, 106, 1, 35, 0, 0, 0.14%, 5, 1, 3, 118.18
1572018638, 106, 6, 35, 0, 0, 0.14%, 5, 1, 3, 168.89
1572018643, 106, 7, 35, 0, 0, 0.14%, 5, 1, 3, 38.93
1572018663, 106, 12, 35, 0, 0, 0.14%, 5, 1, 3, 72.48
1572018674, 106, 16, 35, 0, 0, 0.14%, 5, 1, 3, 56.93
1572018684, 106, 23, 35, 0, 0, 0.14%, 5, 1, 3, 62.51
1572018694, 106, 24, 35, 0, 0, 0.14%, 5, 1, 3, 132.90
1572018709, 106, 29, 35, 0, 0, 0.14%, 5, 1, 3, 87.36
1572018720, 107, 1, 35, 0, 0, 0.14%, 5, 1, 3, 118.10
1572018730, 107, 6, 35, 0, 0, 0.14%, 5, 1, 3, 123.56
1572018735, 107, 7, 35, 0, 0, 0.14%, 5, 1, 3, 232.91
1572018750, 107, 24, 35, 0, 0, 0.14%, 5, 1, 3, 200.35
1572018760, 107, 30, 35, 0, 0, 0.14%, 5, 1, 3, 138.20
1572018775, 108, 0, 35, 0, 0, 0.14%, 5, 1, 3, 119.37
1572018785, 108, 1, 35, 0, 0, 0.14%, 5, 1, 3, 126.01
1572018796, 108, 2, 35, 0, 0, 0.14%, 5, 1, 3, 139.12
1572018801, 108, 6, 35, 0, 0, 0.14%, 5, 1, 3, 183.32
1572018806, 108, 7, 35, 0, 0, 0.14%, 5, 1, 3, 207.06
1572018821, 108, 14, 35, 0, 0, 0.14%, 5, 1, 3, 101.31
1572018826, 108, 21, 35, 0, 0, 0.14%, 5, 1, 3, 72.28
1572018832, 108, 24, 35, 0, 0, 0.14%, 5, 1, 3, 135.35
1572018842, 109, 1, 35, 0, 0, 0.14%, 5, 1, 3, 201.12
1572018852, 109, 5, 35, 0, 0, 0.14%, 5, 1, 3, 96.08
1572018862, 109, 6, 35, 0, 0, 0.14%, 5, 1, 3, 98.45
1572018867, 109, 7, 35, 0, 0, 0.14%, 5, 1, 3, 158.68
1572018888, 109, 24, 35, 0, 0, 0.14%, 5, 1, 3, 108.89
1572018903, 109, 33, 35, 0, 0, 0.14%, 5, 1, 3, 145.68
1572018908, 109, 34, 35, 0, 0, 0.14%, 5, 1, 3, 124.50
1572018918, 110, 1, 35, 0, 0, 0.14%, 5, 1, 3, 128.50
1572018928, 110, 7, 35, 0, 0, 0.14%, 5, 1, 3, 259.25
1572018944, 110, 24, 35, 0, 0, 0.14%, 5, 1, 3, 189.38
1572018954, 110, 26, 35, 0, 0, 0.14%, 5, 1, 3, 146.56
1572018964, 110, 31, 35, 0, 0, 0.14%, 5, 1, 3, 89.21
1572018969, 110, 32, 35, 0, 0, 0.14%, 5, 1, 3, 139.96
1572018980, 111, 1, 35, 0, 0, 0.14%, 5, 1, 3, 169.07
1572018985, 111, 2, 35, 0, 0, 0.14%, 5, 1, 3, 174.06
1572018995, 111, 6, 35, 0, 0, 0.14%, 5, 1, 3, 132.52
1572019000, 111, 7, 35, 0, 0, 0.14%, 5, 1, 3, 157.86
1572019015, 111, 24, 35, 0, 0, 0.14%, 5, 1, 3, 206.05
1572019030, 112, 0, 35, 0, 0, 0.14%, 5, 1, 3, 144.67
1572019041, 112, 1, 35, 0, 0, 0.14%, 5, 1, 3, 116.85
1572019046, 112, 6, 35, 0, 0, 0.14%, 5, 1, 3, 110.57
1572019051, 112, 7, 35, 0, 0, 0.14%, 5, 1, 3, 254.01
1572019076, 112, 14, 35, 0, 0, 0.14%, 5, 1, 3, 68.12
1572019082, 112, 24, 35, 0, 0, 0.14%, 5, 1, 3, 153.36
1572019092, 112, 28, 35, 0, 0, 0.14%, 5, 1, 3, 148.08
1572019102, 113, 1, 35, 0, 0, 0.14%, 5, 1, 3, 96.38
1572019112, 113, 7, 35, 0, 0, 0.14%, 5, 1, 3, 202.44
1572019133, 113, 24, 35, 0, 0, 0.14%, 5, 1, 3, 200.81
1572019143, 113, 34, 35, 0, 0, 0.14%, 5, 1, 3, 103.49
1572019148, 114, 1, 35, 0, 0, 0.14%, 5, 1, 3, 165.36
1572019158, 114, 7, 35, 0, 0, 0.14%, 5, 1, 3, 248.42
1572019174, 114, 24, 35, 0, 0, 0.14%, 5, 1, 3, 130.48
1572019184, 115, 1, 35, 0, 0, 0.14%, 5, 1, 3, 199.23
1572019194, 115, 6, 35, 0, 0, 0.14%, 5, 1, 3, 229.66
1572019199, 115, 7, 35, 0, 0, 0.14%, 5, 1, 3, 199.01
1572019210, 115, 16, 35, 0, 0, 0.14%, 5, 1, 3, 111.28
1572019215, 115, 24, 35, 0, 0, 0.14%, 5, 1, 3, 186.31
1572019225, 116, 1, 35, 0, 0, 0.14%, 5, 1, 3, 190.95
1572019235, 116, 2, 35, 0, 0, 0.14%, 5, 1, 3, 90.70
1572019245, 116, 6, 35, 0, 0, 0.14%, 5, 1, 3, 197.41
1572019250, 116, 7, 35, 0, 0, 0.14%, 5, 1, 3, 191.68
1572019266, 116, 14, 35, 0, 0, 0.14%, 5, 1, 3, 78.10
1572019271, 116, 24, 35, 0, 0, 0.14%, 5, 1, 3, 155.80
1572019281, 116, 30, 35, 0, 0, 0.14%, 5, 1, 3, 174.23
1572019291, 116, 34, 35, 0, 0, 0.14%, 5, 1, 3, 80.12
1572019297, 117, 1, 35, 0, 0, 0.14%, 5, 1, 3, 142.54
1572019307, 117, 7, 35, 0, 0, 0.14%, 5, 1, 3, 233.37
1572019333, 117, 19, 35, 0, 0, 0.14%, 5, 1, 3, 43.00
1572019338, 117, 24, 35, 0, 0, 0.14%, 5, 1, 3, 96.43
1572019358, 118, 1, 35, 0, 0, 0.14%, 5, 1, 3, 109.99
1572019373, 118, 6, 35, 0, 0, 0.14%, 5, 1, 3, 118.10
1572019378, 118, 7, 35, 0, 0, 0.14%, 5, 1, 3, 167.09
1572019399, 118, 24, 35, 0, 0, 0.14%, 5, 1, 3, 214.98
1572019414, 118, 25, 35, 0, 0, 0.14%, 5, 1, 3, 83.70
1572019425, 119, 1, 35, 0, 0, 0.14%, 5, 1, 3, 97.52
1572019435, 119, 3, 35, 0, 0, 0.14%, 5, 1, 3, 114.40
1572019445, 119, 7, 35, 0, 0, 0.14%, 5, 1, 3, 219.49
1572019465, 119, 24, 35, 0, 0, 0.14%, 5, 1, 3, 191.75
1572019476, 119, 26, 35, 0, 0, 0.14%, 5, 1, 3, 156.96
1572019486, 120, 1, 35, 0, 0, 0.14%, 5, 1, 3, 137.11
1572019496, 120, 7, 35, 0, 0, 0.14%, 5, 1, 3, 218.18
1572019516, 120, 24, 35, 0, 0, 0.14%, 5, 1, 3, 166.42
1572019526, 121, 1, 35, 0, 0, 0.14%, 5, 1, 3, 171.52
1572019536, 121, 6, 35, 0, 0, 0.14%, 5, 1, 3, 137.84
1572019541, 121, 7, 35, 0, 0, 0.14%, 5, 1, 3, 215.65
1572019562, 121, 9, 35, 0, 0, 0.14%, 5, 1, 3, 92.86
1572019567, 121, 24, 35, 0, 0, 0.14%, 5, 1, 3, 97.80
1572019587, 122, 1, 35, 0, 0, 0.14%, 5, 1, 3, 114.96
1572019597, 122, 7, 35, 0, 0, 0.14%, 5, 1, 3, 219.41
1572019618, 122, 24, 35, 0, 0, 0.14%, 5, 1, 3, 147.52
1572019633, 122, 26, 35, 0, 0, 0.14%, 5, 1, 3, 118.34
1572019643, 123, 1, 35, 0, 0, 0.14%, 5, 1, 3, 111.85
1572019654, 123, 6, 35, 0, 0, 0.14%, 5, 1, 3, 133.11
1572019659, 123, 7, 35, 0, 0, 0.14%, 5, 1, 3, 246.08
1572019669, 123, 13, 35, 0, 0, 0.14%, 5, 1, 3, 144.73
1572019679, 123, 22, 35, 0, 0, 0.14%, 5, 1, 3, 88.26
1572019689, 123, 24, 35, 0, 0, 0.14%, 5, 1, 3, 178.27
1572019699, 123, 25, 35, 0, 0, 0.14%, 5, 1, 3, 120.83
1572019710, 124, 1, 35, 0, 0, 0.14%, 5, 1, 3, 119.69
1572019715, 124, 5, 35, 0, 0, 0.14%, 5, 1, 3, 156.27
1572019725, 124, 7, 35, 0, 0, 0.14%, 5, 1, 3, 263.34
1572019751, 124, 19, 35, 0, 0, 0.14%, 5, 1, 3, 70.32
1572019756, 124, 23, 35, 0, 0, 0.14%, 5, 1, 3, 60.45
1572019771, 124, 24, 35, 0, 0, 0.14%, 5, 1, 3, 154.57
1572019781, 125, 1, 35, 0, 0, 0.14%, 5, 1, 3, 195.20
1572019791, 125, 7, 35, 0, 0, 0.14%, 5, 1, 3, 234.99
1572019812, 125, 24, 35, 0, 0, 0.14%, 5, 1, 3, 202.03
1572019822, 126, 1, 35, 0, 0, 0.14%, 5, 1, 3, 151.39
1572019833, 126, 6, 35, 0, 0, 0.14%, 5, 1, 3, 185.63
1572019838, 126, 7, 35, 0, 0, 0.14%, 5, 1, 3, 200.59
1572019853, 126, 13, 35, 0, 0, 0.14%, 5, 1, 3, 107.38
1572019858, 126, 24, 35, 0, 0, 0.14%, 5, 1, 3, 172.84
1572019874, 126, 26, 35, 0, 0, 0.14%, 5, 1, 3, 170.41
1572019879, 127, 1, 35, 0, 0, 0.14%, 5, 1, 3, 154.92
1572019889, 127, 7, 35, 0, 0, 0.14%, 5, 1, 3, 228.23
1572019909, 127, 24, 35, 0, 0, 0.14%, 5, 1, 3, 206.10
1572019919, 128, 0, 35, 0, 0, 0.14%, 5, 1, 3, 167.50
1572019929, 128, 1, 35, 0, 0, 0.14%, 5, 1, 3, 133.60
1572019940, 128, 7, 35, 0, 0, 0.14%, 5, 1, 3, 220.67
1572019965, 128, 15, 35, 0, 0, 0.14%, 5, 1, 3, 56.12
1572019970, 128, 23, 35, 0, 0, 0.14%, 5, 1, 3, 58.02
1572019980, 128, 24, 35, 0, 0, 0.14%, 5, 1, 3, 80.66
1572020001, 128, 28, 35, 0, 0, 0.14%, 5, 1, 3, 94.95
1572020011, 129, 1, 35, 0, 0, 0.14%, 5, 1, 3, 88.64
1572020021, 129, 6, 35, 0, 0, 0.14%, 5, 1, 3, 121.69
1572020026, 129, 7, 35, 0, 0, 0.14%, 5, 1, 3, 183.88
1572020046, 129, 24, 35, 0, 0, 0.14%, 5, 1, 3, 163.20
1572020062, 129, 33, 35, 0, 0, 0.14%, 5, 1, 3, 90.78
1572020072, 130, 1, 35, 0, 0, 0.14%, 5, 1, 3, 98.86
1572020087, 130, 6, 35, 0, 0, 0.14%, 5, 1, 3, 129.28
1572020092, 130, 7, 35, 0, 0, 0.14%, 5, 1, 3, 147.62
1572020118, 130, 9, 35, 0, 0, 0.14%, 5, 1, 3, 88.05
1572020128, 130, 24, 35, 0, 0, 0.14%, 5, 1, 3, 123.63
1572020148, 130, 32, 35, 0, 0, 0.14%, 5, 1, 3, 106.32
1572020163, 130, 34, 35, 0, 0, 0.14%, 5, 1, 3, 58.97
1572020174, 131, 1, 35, 0, 0, 0.14%, 5, 1, 3, 112.85
1572020184, 131, 2, 35, 0, 0, 0.14%, 5, 1, 3, 77.75
1572020199, 131, 6, 35, 0, 0, 0.14%, 5, 1, 3, 86.95
1572020204, 131, 7, 35, 0, 0, 0.14%, 5, 1, 3, 147.05
1572020230, 131, 24, 35, 0, 0, 0.14%, 5, 1, 3, 94.65
1572020250, 132, 1, 35, 0, 0, 0.14%, 5, 1, 3, 96.97
1572020266, 132, 4, 35, 0, 0, 0.14%, 5, 1, 3, 105.66
1572020276, 132, 6, 35, 0, 0, 0.14%, 5, 1, 3, 150.46
1572020281, 132, 7, 35, 0, 0, 0.14%, 5, 1, 3, 223.01
1572020296, 132, 18, 35, 0, 0, 0.14%, 5, 1, 3, 100.86
1572020306, 132, 24, 35, 0, 0, 0.14%, 5, 1, 3, 138.69
1572020317, 133, 1, 35, 0, 0, 0.14%, 5, 1, 3, 213.72
1572020327, 133, 6, 35, 0, 0, 0.14%, 5, 1, 3, 185.75
1572020332, 133, 7, 35, 0, 0, 0.14%, 5, 1, 3, 200.11
1572020347, 133, 16, 35, 0, 0, 0.14%, 5, 1, 3, 82.55
1572020357, 133, 24, 35, 0, 0, 0.14%, 5, 1, 3, 173.08
1572020368, 134, 1, 35, 0, 0, 0.14%, 5, 1, 3, 146.49
1572020378, 134, 7, 35, 0, 0, 0.14%, 5, 1, 3, 217.47
1572020398, 134, 8, 35, 0, 0, 0.14%, 5, 1, 3, 125.78
1572020409, 134, 24, 35, 0, 0, 0.14%, 5, 1, 3, 169.49
1572020424, 134, 28, 35, 0, 0, 0.14%, 5, 1, 3, 88.59
1572020429, 135, 1, 35, 0, 0, 0.14%, 5, 1, 3, 115.24
1572020439, 135, 7, 35, 0, 0, 0.14%, 5, 1, 3, 222.80
1572020455, 135, 19, 35, 0, 0, 0.14%, 5, 1, 3, 113.78
1572020460, 135, 24, 35, 0, 0, 0.14%, 5, 1, 3, 112.21
1572020475, 135, 30, 35, 0, 0, 0.14%, 5, 1, 3, 39.26
1572020480, 136, 1, 35, 0, 0, 0.14%, 5, 1, 3, 124.77
1572020491, 136, 2, 35, 0, 0, 0.14%, 5, 1, 3, 81.28
1572020501, 136, 5, 35, 0, 0, 0.14%, 5, 1, 3, 154.22
1572020511, 136, 6, 35, 0, 0, 0.14%, 5, 1, 3, 207.81
1572020516, 136, 7, 35, 0, 0, 0.14%, 5, 1, 3, 197.56
1572020527, 136, 19, 35, 0, 0, 0.14%, 5, 1, 3, 121.43
1572020532, 136, 22, 35, 0, 0, 0.14%, 5, 1, 3, 93.26
1572020542, 136, 23, 35, 0, 0, 0.14%, 5, 1, 3, 76.70
1572020552, 136, 24, 35, 0, 0, 0.14%, 5, 1, 3, 184.96
1572020562, 137, 1, 35, 0, 0, 0.14%, 5, 1, 3, 167.00
1572020573, 137, 6, 35, 0, 0, 0.14%, 5, 1, 3, 200.65
1572020578, 137, 7, 35, 0, 0, 0.14%, 5, 1, 3, 176.93
1572020593, 137, 16, 35, 0, 0, 0.14%, 5, 1, 3, 93.41
1572020598, 137, 24, 35, 0, 0, 0.14%, 5, 1, 3, 167.15
1572020613, 137, 25, 35, 0, 0, 0.14%, 5, 1, 3, 75.03
1572020619, 138, 1, 35, 0, 0, 0.14%, 5, 1, 3, 130.74
1572020629, 138, 6, 35, 0, 0, 0.14%, 5, 1, 3, 215.38
1572020634, 138, 7, 35, 0, 0, 0.14%, 5, 1, 3, 189.39
1572020649, 138, 22, 35, 0, 0, 0.14%, 5, 1, 3, 83.74
1572020660, 138, 24, 35, 0, 0, 0.14%, 5, 1, 3, 182.95
1572020670, 139, 1, 35, 0, 0, 0.14%, 5, 1, 3, 197.19
1572020680, 139, 7, 35, 0, 0, 0.14%, 5, 1, 3, 209.79
1572020696, 139, 18, 35, 0, 0, 0.14%, 5, 1, 3, 183.43
1572020706, 139, 24, 35, 0, 0, 0.14%, 5, 1, 3, 222.77
1572020716, 140, 1, 35, 0, 0, 0.14%, 5, 1, 3, 202.09
1572020726, 140, 6, 35, 0, 0, 0.14%, 5, 1, 3, 186.72
1572020731, 140, 7, 35, 0, 0, 0.14%, 5, 1, 3, 218.59
1572020747, 140, 8, 35, 0, 0, 0.14%, 5, 1, 3, 152.66
1572020757, 140, 18, 35, 0, 0, 0.14%, 5, 1, 3, 138.86
1572020767, 140, 22, 35, 0, 0, 0.14%, 5, 1, 3, 100.28
1572020778, 140, 24, 35, 0, 0, 0.14%, 5, 1, 3, 181.28
1572020788, 141, 1, 35, 0, 0, 0.14%, 5, 1, 3, 195.35
1572020798, 141, 6, 35, 0, 0, 0.14%, 5, 1, 3, 173.21
1572020803, 141, 7, 35, 0, 0, 0.14%, 5, 1, 3, 45.09
1572020818, 141, 12, 35, 0, 0, 0.14%, 5, 1, 3, 105.77
1572020823, 141, 24, 35, 0, 0, 0.14%, 5, 1, 3, 156.38
1572020839, 142, 1, 35, 0, 0, 0.14%, 5, 1, 3, 150.78
1572020844, 142, 6, 35, 0, 0, 0.14%, 5, 1, 3, 126.80
1572020849, 142, 7, 35, 0, 0, 0.14%, 5, 1, 3, 243.21
1572020870, 142, 24, 35, 0, 0, 0.14%, 5, 1, 3, 173.60
1572020880, 142, 28, 35, 0, 0, 0.14%, 5, 1, 3, 138.43
1572020890, 143, 1, 35, 0, 0, 0.14%, 5, 1, 3, 121.03
1572020900, 143, 4, 35, 0, 0, 0.14%, 5, 1, 3, 117.92
1572020905, 143, 6, 35, 0, 0, 0.14%, 5, 1, 3, 195.19
1572020910, 143, 7, 35, 0, 0, 0.14%, 5, 1, 3, 227.26
1572020931, 143, 9, 35, 0, 0, 0.14%, 5, 1, 3, 99.63
1572020936, 143, 18, 35, 0, 0, 0.14%, 5, 1, 3, 148.37
1572020946, 143, 24, 35, 0, 0, 0.14%, 5, 1, 3, 227.36
1572020956, 144, 0, 35, 0, 0, 0.14%, 5, 1, 3, 190.60
1572020966, 144, 1, 35, 0, 0, 0.14%, 5, 1, 3, 124.76
1572020976, 144, 7, 35, 0, 0, 0.14%, 5, 1, 3, 242.95
1572020997, 144, 24, 35, 0, 0, 0.14%, 5, 1, 3, 175.46
1572021007, 144, 26, 35, 0, 0, 0.14%, 5, 1, 3, 180.66
1572021012, 145, 1, 35, 0, 0, 0.14%, 5, 1, 3, 176.49
1572021022, 145, 6, 35, 0, 0, 0.14%, 5, 1, 3, 86.41
1572021028, 145, 7, 35, 0, 0, 0.14%, 5, 1, 3, 228.65
1572021043, 145, 18, 35, 0, 0, 0.14%, 5, 1, 3, 131.74
1572021058, 145, 24, 35, 0, 0, 0.14%, 5, 1, 3, 219.71
1572021068, 145, 25, 35, 0, 0, 0.14%, 5, 1, 3, 54.20
1572021074, 146, 1, 35, 0, 0, 0.14%, 5, 1, 3, 125.01
1572021084, 146, 7, 35, 0, 0, 0.14%, 5, 1, 3, 210.22
1572021099, 146, 11, 35, 0, 0, 0.14%, 5, 1, 3, 108.42
1572021110, 146, 24, 35, 0, 0, 0.14%, 5, 1, 3, 200.73
1572021120, 146, 29, 35, 0, 0, 0.14%, 5, 1, 3, 102.54
1572021125, 147, 1, 35, 0, 0, 0.14%, 5, 1, 3, 97.26
1572021135, 147, 6, 35, 0, 0, 0.14%, 5, 1, 3, 184.87
1572021140, 147, 7, 35, 0, 0, 0.14%, 5, 1, 3, 222.87
1572021155, 147, 10, 35, 0, 0, 0.14%, 5, 1, 3, 106.42
1572021166, 147, 24, 35, 0, 0, 0.14%, 5, 1, 3, 173.56
1572021176, 148, 1, 35, 0, 0, 0.14%, 5, 1, 3, 181.45
1572021186, 148, 7, 35, 0, 0, 0.14%, 5, 1, 3, 245.75
1572021207, 148, 14, 35, 0, 0, 0.14%, 5, 1, 3, 76.59
1572021212, 148, 24, 35, 0, 0, 0.14%, 5, 1, 3, 184.99
1572021227, 149, 1, 35, 0, 0, 0.14%, 5, 1, 3, 145.04
1572021237, 149, 6, 35, 0, 0, 0.14%, 5, 1, 3, 208.47
1572021242, 149, 7, 35, 0, 0, 0.14%, 5, 1, 3, 206.37
1572021258, 149, 24, 35, 0, 0, 0.14%, 5, 1, 3, 184.54
1572021273, 150, 1, 35, 0, 0, 0.14%, 5, 1, 3, 131.47
1572021283, 150, 7, 35, 0, 0, 0.14%, 5, 1, 3, 235.44
1572021299, 150, 24, 35, 0, 0, 0.14%, 5, 1, 3, 177.11
1572021309, 151, 1, 35, 0, 0, 0.14%, 5, 1, 3, 191.27
1572021319, 151, 6, 35, 0, 0, 0.14%, 5, 1, 3, 171.48
1572021324, 151, 7, 35, 0, 0, 0.14%, 5, 1, 3, 193.91
1572021340, 151, 24, 35, 0, 0, 0.14%, 5, 1, 3, 229.44
1572021350, 152, 1, 35, 0, 0, 0.14%, 5, 1, 3, 179.45
1572021360, 152, 4, 35, 0, 0, 0.14%, 5, 1, 3, 134.01
1572021365, 152, 6, 35, 0, 0, 0.14%, 5, 1, 3, 133.54
1572021370, 152, 7, 35, 0, 0, 0.14%, 5, 1, 3, 256.01
1572021385, 152, 12, 35, 0, 0, 0.14%, 5, 1, 3, 82.34
1572021396, 152, 24, 35, 0, 0, 0.14%, 5, 1, 3, 172.58
1572021406, 153, 1, 35, 0, 0, 0.14%, 5, 1, 3, 195.29
1572021416, 153, 7, 35, 0, 0, 0.14%, 5, 1, 3, 238.22
1572021432, 153, 13, 35, 0, 0, 0.14%, 5, 1, 3, 105.37
1572021442, 153, 24, 35, 0, 0, 0.14%, 5, 1, 3, 224.63
1572021452, 154, 1, 35, 0, 0, 0.14%, 5, 1, 3, 164.16
1572021457, 154, 2, 35, 0, 0, 0.14%, 5, 1, 3, 164.09
1572021467, 154, 6, 35, 0, 0, 0.14%, 5, 1, 3, 218.16
1572021472, 154, 7, 35, 0, 0, 0.14%, 5, 1, 3, 61.65
1572021488, 154, 16, 35, 0, 0, 0.14%, 5, 1, 3, 101.66
1572021493, 154, 24, 35, 0, 0, 0.14%, 5, 1, 3, 194.82
1572021508, 154, 28, 35, 0, 0, 0.14%, 5, 1, 3, 108.26
1572021513, 155, 1, 35, 0, 0, 0.14%, 5, 1, 3, 91.03
1572021523, 155, 6, 35, 0, 0, 0.14%, 5, 1, 3, 121.48
1572021528, 155, 7, 35, 0, 0, 0.14%, 5, 1, 3, 243.03
1572021544, 155, 8, 35, 0, 0, 0.14%, 5, 1, 3, 142.26
1572021554, 155, 10, 35, 0, 0, 0.14%, 5, 1, 3, 105.53
1572021559, 155, 23, 35, 0, 0, 0.14%, 5, 1, 3, 90.26
1572021569, 155, 24, 35, 0, 0, 0.14%, 5, 1, 3, 197.68
1572021579, 156, 1, 35, 0, 0, 0.14%, 5, 1, 3, 183.07
1572021589, 156, 6, 35, 0, 0, 0.14%, 5, 1, 3, 163.80
1572021594, 156, 7, 35, 0, 0, 0.14%, 5, 1, 3, 218.23
1572021610, 156, 16, 35, 0, 0, 0.14%, 5, 1, 3, 104.35
1572021615, 156, 24, 35, 0, 0, 0.14%, 5, 1, 3, 173.45
1572021630, 156, 34, 35, 0, 0, 0.14%, 5, 1, 3, 91.64
1572021635, 157, 1, 35, 0, 0, 0.14%, 5, 1, 3, 189.07
1572021646, 157, 7, 35, 0, 0, 0.14%, 5, 1, 3, 246.90
1572021666, 157, 22, 35, 0, 0, 0.14%, 5, 1, 3, 83.30
1572021676, 157, 24, 35, 0, 0, 0.14%, 5, 1, 3, 168.67
1572021692, 157, 32, 35, 0, 0, 0.14%, 5, 1, 3, 140.99
1572021702, 158, 1, 35, 0, 0, 0.14%, 5, 1, 3, 155.68
1572021707, 158, 3, 35, 0, 0, 0.14%, 5, 1, 3, 111.33
1572021722, 158, 7, 35, 0, 0, 0.14%, 5, 1, 3, 227.24
1572021738, 158, 24, 35, 0, 0, 0.14%, 5, 1, 3, 206.07
1572021748, 159, 1, 35, 0, 0, 0.14%, 5, 1, 3, 210.22
1572021758, 159, 6, 35, 0, 0, 0.14%, 5, 1, 3, 193.71
1572021763, 159, 7, 35, 0, 0, 0.14%, 5, 1, 3, 178.23
1572021774, 159, 14, 35, 0, 0, 0.14%, 5, 1, 3, 123.23
1572021779, 159, 24, 35, 0, 0, 0.14%, 5, 1, 3, 155.91
1572021794, 160, 1, 35, 0, 0, 0.14%, 5, 1, 3, 108.36
1572021804, 160, 7, 35, 0, 0, 0.14%, 5, 1, 3, 211.44
1572021825, 160, 24, 35, 0, 0, 0.14%, 5, 1, 3, 198.95
1572021840, 160, 29, 35, 0, 0, 0.14%, 5, 1, 3, 104.24
1572021845, 161, 1, 35, 0, 0, 0.14%, 5, 1, 3, 119.50
1572021855, 161, 7, 35, 0, 0, 0.14%, 5, 1, 3, 240.70
1572021871, 161, 14, 35, 0, 0, 0.14%, 5, 1, 3, 101.26
1572021876, 161, 24, 35, 0, 0, 0.14%, 5, 1, 3, 90.41
1572021891, 161, 33, 35, 0, 0, 0.14%, 5, 1, 3, 153.35
1572021896, 162, 1, 35, 0, 0, 0.14%, 5, 1, 3, 145.29
1572021906, 162, 7, 35, 0, 0, 0.14%, 5, 1, 3, 254.69
1572021922, 162, 24, 35, 0, 0, 0.14%, 5, 1, 3, 214.51
1572021937, 163, 1, 35, 0, 0, 0.14%, 5, 1, 3, 140.35
1572021942, 163, 7, 35, 0, 0, 0.14%, 5, 1, 3, 227.33
1572021957, 163, 21, 35, 0, 0, 0.14%, 5, 1, 3, 136.88
1572021968, 163, 24, 35, 0, 0, 0.14%, 5, 1, 3, 212.03
1572021978, 163, 31, 35, 0, 0, 0.14%, 5, 1, 3, 132.08
1572021983, 164, 1, 35, 0, 0, 0.14%, 5, 1, 3, 163.66
1572021993, 164, 3, 35, 0, 0, 0.14%, 5, 1, 3, 130.48
1572021998, 164, 6, 35, 0, 0, 0.14%, 5, 1, 3, 153.02
1572022003, 164, 7, 35, 0, 0, 0.14%, 5, 1, 3, 255.14
1572022019, 164, 16, 35, 0, 0, 0.14%, 5, 1, 3, 86.72
1572022024, 164, 17, 35, 0, 0, 0.14%, 5, 1, 3, 75.96
1572022029, 164, 19, 35, 0, 0, 0.14%, 5, 1, 3, 89.54
1572022034, 164, 24, 35, 0, 0, 0.14%, 5, 1, 3, 154.24
1572022049, 165, 0, 35, 0, 0, 0.14%, 5, 1, 3, 147.05
1572022060, 165, 1, 35, 0, 0, 0.14%, 5, 1, 3, 139.83
1572022070, 165, 5, 35, 0, 0, 0.14%, 5, 1, 3, 160.23
1572022075, 165, 7, 35, 0, 0, 0.14%, 5, 1, 3, 229.10
1572022095, 165, 11, 35, 0, 0, 0.14%, 5, 1, 3, 103.64
1572022100, 165, 24, 35, 0, 0, 0.14%, 5, 1, 3, 174.62
1572022115, 165, 32, 35, 0, 0, 0.14%, 5, 1, 3, 161.11
1572022125, 166, 1, 35, 0, 0, 0.14%, 5, 1, 3, 132.03
1572022136, 166, 7, 35, 0, 0, 0.14%, 5, 1, 3, 239.10
1572022156, 166, 10, 35, 0, 0, 0.14%, 5, 1, 3, 82.69
1572022166, 166, 17, 35, 0, 0, 0.14%, 5, 1, 3, 87.49
1572022172, 166, 24, 35, 0, 0, 0.14%, 5, 1, 3, 212.99
1572022182, 166, 30, 35, 0, 0, 0.14%, 5, 1, 3, 108.86
1572022192, 167, 1, 35, 0, 0, 0.14%, 5, 1, 3, 144.98
1572022207, 167, 7, 35, 0, 0, 0.14%, 5, 1, 3, 195.47
1572022228, 167, 16, 35, 0, 0, 0.14%, 5, 1, 3, 90.63
1572022233, 167, 24, 35, 0, 0, 0.14%, 5, 1, 3, 204.99
1572022243, 168, 1, 35, 0, 0, 0.14%, 5, 1, 3, 170.62
1572022253, 168, 7, 35, 0, 0, 0.14%, 5, 1, 3, 248.99
1572022268, 168, 8, 35, 0, 0, 0.14%, 5, 1, 3, 98.31
1572022278, 168, 17, 35, 0, 0, 0.14%, 5, 1, 3, 93.47
1572022289, 168, 24, 35, 0, 0, 0.14%, 5, 1, 3, 174.14
1572022299, 168, 31, 35, 0, 0, 0.14%, 5, 1, 3, 128.04
1572022309, 169, 1, 35, 0, 0, 0.14%, 5, 1, 3, 148.46
1572022314, 169, 6, 35, 0, 0, 0.14%, 5, 1, 3, 91.52
1572022319, 169, 7, 35, 0, 0, 0.14%, 5, 1, 3, 233.02
1572022340, 169, 19, 35, 0, 0, 0.14%, 5, 1, 3, 80.52
1572022345, 169, 24, 35, 0, 0, 0.14%, 5, 1, 3, 181.94
1572022355, 170, 1, 35, 0, 0, 0.14%, 5, 1, 3, 168.58
1572022365, 170, 6, 35, 0, 0, 0.14%, 5, 1, 3, 134.54
1572022371, 170, 7, 35, 0, 0, 0.14%, 5, 1, 3, 229.30
1572022386, 170, 12, 35, 0, 0, 0.14%, 5, 1, 3, 99.98
1572022396, 170, 24, 35, 0, 0, 0.14%, 5, 1, 3, 196.22
1572022406, 171, 1, 35, 0, 0, 0.14%, 5, 1, 3, 152.33
1572022416, 171, 2, 35, 0, 0, 0.14%, 5, 1, 3, 138.83
1572022421, 171, 6, 35, 0, 0, 0.14%, 5, 1, 3, 142.47
1572022427, 171, 7, 35, 0, 0, 0.14%, 5, 1, 3, 253.14
1572022442, 171, 24, 35, 0, 0, 0.14%, 5, 1, 3, 174.29
1572022457, 171, 27, 35, 0, 0, 0.14%, 5, 1, 3, 106.10
1572022467, 172, 1, 35, 0, 0, 0.14%, 5, 1, 3, 150.85
1572022473, 172, 7, 35, 0, 0, 0.14%, 5, 1, 3, 248.30
1572022488, 172, 24, 35, 0, 0, 0.14%, 5, 1, 3, 127.88
1572022503, 173, 1, 35, 0, 0, 0.14%, 5, 1, 3, 177.69
1572022514, 173, 7, 35, 0, 0, 0.14%, 5, 1, 3, 247.37
1572022529, 173, 11, 35, 0, 0, 0.14%, 5, 1, 3, 131.06
1572022539, 173, 13, 35, 0, 0, 0.14%, 5, 1, 3, 92.94
1572022544, 173, 22, 35, 0, 0, 0.14%, 5, 1, 3, 88.45
1572022554, 173, 24, 35, 0, 0, 0.14%, 5, 1, 3, 197.01
1572022570, 174, 1, 35, 0, 0, 0.14%, 5, 1, 3, 128.01
1572022575, 174, 2, 35, 0, 0, 0.14%, 5, 1, 3, 143.17
1572022585, 174, 7, 35, 0, 0, 0.14%, 5, 1, 3, 242.78
1572022605, 174, 18, 35, 0, 0, 0.14%, 5, 1, 3, 159.62
1572022615, 174, 24, 35, 0, 0, 0.14%, 5, 1, 3, 220.69
1572022626, 175, 1, 35, 0, 0, 0.14%, 5, 1, 3, 173.49
1572022636, 175, 2, 35, 0, 0, 0.14%, 5, 1, 3, 135.64
1572022641, 175, 6, 35, 0, 0, 0.14%, 5, 1, 3, 156.12
1572022646, 175, 7, 35, 0, 0, 0.14%, 5, 1, 3, 232.51
1572022661, 175, 20, 35, 0, 0, 0.14%, 5, 1, 3, 126.59
1572022666, 175, 24, 35, 0, 0, 0.14%, 5, 1, 3, 174.71
1572022682, 176, 1, 35, 0, 0, 0.14%, 5, 1, 3, 30.70
1572022692, 176, 6, 35, 0, 0, 0.14%, 5, 1, 3, 164.50
1572022697, 176, 7, 35, 0, 0, 0.14%, 5, 1, 3, 201.33
1572022712, 176, 21, 35, 0, 0, 0.14%, 5, 1, 3, 82.78
1572022722, 176, 24, 35, 0, 0, 0.14%, 5, 1, 3, 198.36
1572022733, 177, 1, 35, 0, 0, 0.14%, 5, 1, 3, 184.91
1572022743, 177, 2, 35, 0, 0, 0.14%, 5, 1, 3, 129.71
1572022748, 177, 4, 35, 0, 0, 0.14%, 5, 1, 3, 99.83
1572022763, 177, 7, 35, 0, 0, 0.14%, 5, 1, 3, 220.86
1572022784, 177, 16, 35, 0, 0, 0.14%, 5, 1, 3, 85.40
1572022789, 177, 24, 35, 0, 0, 0.14%, 5, 1, 3, 154.73
1572022804, 178, 1, 35, 0, 0, 0.14%, 5, 1, 3, 148.21
1572022814, 178, 4, 35, 0, 0, 0.14%, 5, 1, 3, 123.13
1572022819, 178, 6, 35, 0, 0, 0.14%, 5, 1, 3, 213.78
1572022825, 178, 7, 35, 0, 0, 0.14%, 5, 1, 3, 174.12
1572022840, 178, 24, 35, 0, 0, 0.14%, 5, 1, 3, 182.02
1572022855, 179, 1, 35, 0, 0, 0.14%, 5, 1, 3, 155.46
1572022866, 179, 7, 35, 0, 0, 0.14%, 5, 1, 3, 241.39
1572022881, 179, 24, 35, 0, 0, 0.14%, 5, 1, 3, 149.02
1572022896, 179, 27, 35, 0, 0, 0.14%, 5, 1, 3, 107.94
1572022901, 180, 1, 35, 0, 0, 0.14%, 5, 1, 3, 140.81
1572022911, 180, 7, 35, 0, 0, 0.14%, 5, 1, 3, 255.23
1572022927, 180, 24, 35, 0, 0, 0.14%, 5, 1, 3, 144.33
1572022942, 181, 1, 35, 0, 0, 0.14%, 5, 1, 3, 157.35
1572022947, 181, 6, 35, 0, 0, 0.14%, 5, 1, 3, 181.87
1572022952, 181, 7, 35, 0, 0, 0.14%, 5, 1, 3, 219.83
1572022968, 181, 16, 35, 0, 0, 0.14%, 5, 1, 3, 90.09
1572022973, 181, 18, 35, 0, 0, 0.14%, 5, 1, 3, 175.39
1572022983, 181, 22, 35, 0, 0, 0.14%, 5, 1, 3, 105.79
1572022993, 181, 24, 35, 0, 0, 0.14%, 5, 1, 3, 151.79
1572023003, 181, 26, 35, 0, 0, 0.14%, 5, 1, 3, 128.69
1572023014, 182, 1, 35, 0, 0, 0.14%, 5, 1, 3, 141.89
1572023019, 182, 6, 35, 0, 0, 0.14%, 5, 1, 3, 210.60
1572023024, 182, 7, 35, 0, 0, 0.14%, 5, 1, 3, 48.69
1572023034, 182, 24, 35, 0, 0, 0.14%, 5, 1, 3, 139.78
1572023045, 183, 1, 35, 0, 0, 0.14%, 5, 1, 3, 195.39
1572023055, 183, 6, 35, 0, 0, 0.14%, 5, 1, 3, 137.71
1572023060, 183, 7, 35, 0, 0, 0.14%, 5, 1, 3, 235.10
1572023075, 183, 8, 35, 0, 0, 0.14%, 5, 1, 3, 146.51
1572023085, 183, 24, 35, 0, 0, 0.14%, 5, 1, 3, 166.29
1572023096, 183, 30, 35, 0, 0, 0.14%, 5, 1, 3, 119.27
1572023114, 184, 1, 35, 0, 0, 0.14%, 5, 1, 3, 136.14
1572023124, 184, 4, 35, 0, 0, 0.14%, 5, 1, 3, 144.08
1572023129, 184, 6, 35, 0, 0, 0.14%, 5, 1, 3, 171.22
1572023134, 184, 7, 35, 0, 0, 0.14%, 5, 1, 3, 228.25
1572023149, 184, 24, 35, 0, 0, 0.14%, 5, 1, 3, 157.36
1572023165, 185, 1, 35, 0, 0, 0.14%, 5, 1, 3, 155.44
1572023175, 185, 7, 35, 0, 0, 0.14%, 5, 1, 3, 216.13
1572023195, 185, 18, 35, 0, 0, 0.14%, 5, 1, 3, 123.69
1572023205, 185, 20, 35, 0, 0, 0.14%, 5, 1, 3, 143.28
1572023211, 185, 21, 35, 0, 0, 0.14%, 5, 1, 3, 118.63
1572023221, 185, 24, 35, 0, 0, 0.14%, 5, 1, 3, 174.52
1572023231, 185, 25, 35, 0, 0, 0.14%, 5, 1, 3, 150.24
1572023241, 185, 26, 35, 0, 0, 0.14%, 5, 1, 3, 117.46
1572023251, 186, 1, 35, 0, 0, 0.14%, 5, 1, 3, 129.53
1572023262, 186, 7, 35, 0, 0, 0.14%, 5, 1, 3, 242.47
1572023277, 186, 21, 35, 0, 0, 0.14%, 5, 1, 3, 76.96
1572023282, 186, 24, 35, 0, 0, 0.14%, 5, 1, 3, 72.27
1572023297, 186, 32, 35, 0, 0, 0.14%, 5, 1, 3, 159.82
1572023308, 187, 1, 35, 0, 0, 0.14%, 5, 1, 3, 136.36
1572023318, 187, 7, 35, 0, 0, 0.14%, 5, 1, 3, 232.57
1572023338, 187, 14, 35, 0, 0, 0.14%, 5, 1, 3, 77.30
1572023343, 187, 15, 35, 0, 0, 0.14%, 5, 1, 3, 71.77
1572023348, 187, 24, 35, 0, 0, 0.14%, 5, 1, 3, 203.50
1572023359, 187, 31, 35, 0, 0, 0.14%, 5, 1, 3, 87.51
1572023364, 188, 1, 35, 0, 0, 0.14%, 5, 1, 3, 102.35
1572023374, 188, 6, 35, 0, 0, 0.14%, 5, 1, 3, 180.07
1572023379, 188, 7, 35, 0, 0, 0.14%, 5, 1, 3, 233.69
1572023394, 188, 13, 35, 0, 0, 0.14%, 5, 1, 3, 116.21
1572023399, 188, 21, 35, 0, 0, 0.14%, 5, 1, 3, 70.49
1572023405, 188, 24, 35, 0, 0, 0.14%, 5, 1, 3, 139.31
1572023415, 188, 28, 35, 0, 0, 0.14%, 5, 1, 3, 157.29
1572023425, 189, 0, 35, 0, 0, 0.14%, 5, 1, 3, 137.57
1572023435, 189, 1, 35, 0, 0, 0.14%, 5, 1, 3, 147.05
1572023445, 189, 7, 35, 0, 0, 0.14%, 5, 1, 3, 232.50
1572023466, 189, 18, 35, 0, 0, 0.14%, 5, 1, 3, 135.13
1572023476, 189, 24, 35, 0, 0, 0.14%, 5, 1, 3, 177.44
1572023486, 190, 1, 35, 0, 0, 0.14%, 5, 1, 3, 173.63
1572023491, 190, 6, 35, 0, 0, 0.14%, 5, 1, 3, 137.88
1572023497, 190, 7, 35, 0, 0, 0.14%, 5, 1, 3, 241.52
1572023512, 190, 23, 35, 0, 0, 0.14%, 5, 1, 3, 102.18
1572023522, 190, 24, 35, 0, 0, 0.14%, 5, 1, 3, 190.85
1572023532, 191, 1, 35, 0, 0, 0.14%, 5, 1, 3, 178.43
1572023542, 191, 7, 35, 0, 0, 0.14%, 5, 1, 3, 225.45
1572023563, 191, 24, 35, 0, 0, 0.14%, 5, 1, 3, 209.00
1572023573, 191, 34, 35, 0, 0, 0.14%, 5, 1, 3, 97.99
1572023583, 192, 1, 35, 0, 0, 0.14%, 5, 1, 3, 124.99
1572023588, 192, 6, 35, 0, 0, 0.14%, 5, 1, 3, 222.96
1572023593, 192, 7, 35, 0, 0, 0.14%, 5, 1, 3, 44.99
1572023603, 192, 24, 35, 0, 0, 0.14%, 5, 1, 3, 176.16
1572023614, 193, 1, 35, 0, 0, 0.14%, 5, 1, 3, 189.42
1572023624, 193, 2, 35, 0, 0, 0.14%, 5, 1, 3, 154.12
1572023634, 193, 6, 35, 0, 0, 0.14%, 5, 1, 3, 180.46
1572023639, 193, 7, 35, 0, 0, 0.14%, 5, 1, 3, 57.26
1572023655, 193, 17, 35, 0, 0, 0.14%, 5, 1, 3, 92.96
1572023660, 193, 24, 35, 0, 0, 0.14%, 5, 1, 3, 207.88
1572023675, 194, 1, 35, 0, 0, 0.14%, 5, 1, 3, 157.97
1572023685, 194, 7, 35, 0, 0, 0.14%, 5, 1, 3, 252.35
1572023701, 194, 24, 35, 0, 0, 0.14%, 5, 1, 3, 210.60
1572023711, 195, 0, 35, 0, 0, 0.14%, 5, 1, 3, 177.52
1572023721, 195, 1, 35, 0, 0, 0.14%, 5, 1, 3, 148.94
1572023731, 195, 7, 35, 0, 0, 0.14%, 5, 1, 3, 227.63
1572023746, 195, 24, 35, 0, 0, 0.14%, 5, 1, 3, 221.39
1572023756, 196, 1, 35, 0, 0, 0.14%, 5, 1, 3, 216.63
1572023767, 196, 2, 35, 0, 0, 0.14%, 5, 1, 3, 139.25
1572023777, 196, 7, 35, 0, 0, 0.14%, 5, 1, 3, 239.79
1572023797, 196, 9, 35, 0, 0, 0.14%, 5, 1, 3, 91.68
1572023802, 196, 16, 35, 0, 0, 0.14%, 5, 1, 3, 95.96
1572023807, 196, 24, 35, 0, 0, 0.14%, 5, 1, 3, 103.40
1572023823, 196, 27, 35, 0, 0, 0.14%, 5, 1, 3, 78.35
1572023828, 197, 1, 35, 0, 0, 0.14%, 5, 1, 3, 139.85
1572023838, 197, 5, 35, 0, 0, 0.14%, 5, 1, 3, 131.36
1572023849, 197, 7, 35, 0, 0, 0.14%, 5, 1, 3, 232.12
1572023864, 197, 16, 35, 0, 0, 0.14%, 5, 1, 3, 137.45
1572023874, 197, 24, 35, 0, 0, 0.14%, 5, 1, 3, 187.25
1572023884, 198, 1, 35, 0, 0, 0.14%, 5, 1, 3, 178.34
1572023894, 198, 7, 35, 0, 0, 0.14%, 5, 1, 3, 246.18
1572023910, 198, 24, 35, 0, 0, 0.14%, 5, 1, 3, 130.33
1572023925, 199, 1, 35, 0, 0, 0.14%, 5, 1, 3, 53.68
1572023930, 199, 7, 35, 0, 0, 0.14%, 5, 1, 3, 233.65
1572023946, 199, 10, 35, 0, 0, 0.14%, 5, 1, 3, 123.20
1572023956, 199, 24, 35, 0, 0, 0.14%, 5, 1, 3, 164.69
1572023966, 200, 1, 35, 0, 0, 0.14%, 5, 1, 3, 168.00
1572023976, 200, 7, 35, 0, 0, 0.14%, 5, 1, 3, 213.45
1572023992, 200, 17, 35, 0, 0, 0.14%, 5, 1, 3, 81.70
1572024002, 200, 18, 35, 0, 0, 0.14%, 5, 1, 3, 143.55
1572024007, 200, 19, 35, 0, 0, 0.14%, 5, 1, 3, 133.64
1572024012, 200, 24, 35, 0, 0, 0.14%, 5, 1, 3, 101.94
1572024027, 200, 33, 35, 0, 0, 0.14%, 5, 1, 3, 163.83
1572024032, 201, 1, 35, 0, 0, 0.14%, 5, 1, 3, 139.05
1572024043, 201, 7, 35, 0, 0, 0.14%, 5, 1, 3, 247.58
1572024068, 201, 16, 35, 0, 0, 0.14%, 5, 1, 3, 88.68
1572024073, 201, 24, 35, 0, 0, 0.14%, 5, 1, 3, 208.94
1572024083, 202, 1, 35, 0, 0, 0.14%, 5, 1, 3, 126.13
1572024094, 202, 2, 35, 0, 0, 0.14%, 5, 1, 3, 166.53
1572024104, 202, 7, 35, 0, 0, 0.14%, 5, 1, 3, 227.38
1572024124, 202, 24, 35, 0, 0, 0.14%, 5, 1, 3, 201.09
1572024140, 202, 26, 35, 0, 0, 0.14%, 5, 1, 3, 209.98
1572024145, 202, 32, 35, 0, 0, 0.14%, 5, 1, 3, 167.25
1572024150, 203, 1, 35, 0, 0, 0.14%, 5, 1, 3, 205.85
1572024160, 203, 6, 35, 0, 0, 0.14%, 5, 1, 3, 201.18
1572024165, 203, 7, 35, 0, 0, 0.14%, 5, 1, 3, 190.90
1572024181, 203, 18, 35, 0, 0, 0.14%, 5, 1, 3, 163.23
1572024186, 203, 24, 35, 0, 0, 0.14%, 5, 1, 3, 161.48
1572024196, 203, 26, 35, 0, 0, 0.14%, 5, 1, 3, 207.68
1572024207, 204, 1, 35, 0, 0, 0.14%, 5, 1, 3, 142.19
1572024212, 204, 6, 35, 0, 0, 0.14%, 5, 1, 3, 213.12
1572024217, 204, 7, 35, 0, 0, 0.14%, 5, 1, 3, 182.67
1572024232, 204, 24, 35, 0, 0, 0.14%, 5, 1, 3, 200.94
1572024242, 204, 28, 35, 0, 0, 0.14%, 5, 1, 3, 135.66
1572024253, 205, 1, 35, 0, 0, 0.14%, 5, 1, 3, 124.58
1572024258, 205, 6, 35, 0, 0, 0.14%, 5, 1, 3, 133.37
1572024263, 205, 7, 35, 0, 0, 0.14%, 5, 1, 3, 250.26
1572024278, 205, 24, 35, 0, 0, 0.14%, 5, 1, 3, 216.68
1572024289, 206, 1, 35, 0, 0, 0.14%, 5, 1, 3, 198.01
1572024299, 206, 7, 35, 0, 0, 0.14%, 5, 1, 3, 256.45
1572024314, 206, 12, 35, 0, 0, 0.14%, 5, 1, 3, 113.32
1572024325, 206, 24, 35, 0, 0, 0.14%, 5, 1, 3, 204.93
1572024335, 207, 0, 35, 0, 0, 0.14%, 5, 1, 3, 171.80
1572024345, 207, 1, 35, 0, 0, 0.14%, 5, 1, 3, 101.50
1572024355, 207, 4, 35, 0, 0, 0.14%, 5, 1, 3, 147.96
1572024366, 207, 7, 35, 0, 0, 0.14%, 5, 1, 3, 225.79
1572024386, 207, 12, 35, 0, 0, 0.14%, 5, 1, 3, 131.01
1572024391, 207, 24, 35, 0, 0, 0.14%, 5, 1, 3, 161.42
1572024406, 208, 1, 35, 0, 0, 0.14%, 5, 1, 3, 159.77
1572024416, 208, 7, 35, 0, 0, 0.14%, 5, 1, 3, 238.73
1572024432, 208, 18, 35, 0, 0, 0.14%, 5, 1, 3, 144.64
1572024442, 208, 24, 35, 0, 0, 0.14%, 5, 1, 3, 235.51
1572024452, 209, 1, 35, 0, 0, 0.14%, 5, 1, 3, 204.19
1572024457, 209, 4, 35, 0, 0, 0.14%, 5, 1, 3, 151.00
1572024468, 209, 6, 35, 0, 0, 0.14%, 5, 1, 3, 204.15
1572024473, 209, 7, 35, 0, 0, 0.14%, 5, 1, 3, 37.14
1572024488, 209, 24, 35, 0, 0, 0.14%, 5, 1, 3, 205.55
1572024498, 210, 0, 35, 0, 0, 0.14%, 5, 1, 3, 199.40
1572024503, 210, 1, 35, 0, 0, 0.14%, 5, 1, 3, 120.57
1572024514, 210, 6, 35, 0, 0, 0.14%, 5, 1, 3, 210.14
1572024519, 210, 7, 35, 0, 0, 0.14%, 5, 1, 3, 61.12
1572024534, 210, 24, 35, 0, 0, 0.14%, 5, 1, 3, 205.30
1572024549, 211, 1, 35, 0, 0, 0.14%, 5, 1, 3, 122.92
1572024554, 211, 6, 35, 0, 0, 0.14%, 5, 1, 3, 167.04
1572024559, 211, 7, 35, 0, 0, 0.14%, 5, 1, 3, 240.52
1572024575, 211, 15, 35, 0, 0, 0.14%, 5, 1, 3, 88.42
1572024580, 211, 24, 35, 0, 0, 0.14%, 5, 1, 3, 208.63
1572024590, 212, 1, 35, 0, 0, 0.14%, 5, 1, 3, 179.96
1572024595, 212, 6, 35, 0, 0, 0.14%, 5, 1, 3, 168.81
1572024600, 212, 7, 35, 0, 0, 0.14%, 5, 1, 3, 256.39
1572024616, 212, 11, 35, 0, 0, 0.14%, 5, 1, 3, 92.98
1572024626, 212, 21, 35, 0, 0, 0.14%, 5, 1, 3, 94.36
1572024631, 212, 24, 35, 0, 0, 0.14%, 5, 1, 3, 169.93
1572024641, 212, 26, 35, 0, 0, 0.14%, 5, 1, 3, 158.18
1572024651, 213, 1, 35, 0, 0, 0.14%, 5, 1, 3, 154.32
1572024662, 213, 5, 35, 0, 0, 0.14%, 5, 1, 3, 125.79
1572024672, 213, 7, 35, 0, 0, 0.14%, 5, 1, 3, 249.78
1572024692, 213, 10, 35, 0, 0, 0.14%, 5, 1, 3, 110.13
1572024702, 213, 24, 35, 0, 0, 0.14%, 5, 1, 3, 137.07
1572024718, 214, 1, 35, 0, 0, 0.14%, 5, 1, 3, 136.74
1572024728, 214, 4, 35, 0, 0, 0.14%, 5, 1, 3, 107.61
1572024738, 214, 7, 35, 0, 0, 0.14%, 5, 1, 3, 238.88
1572024753, 214, 24, 35, 0, 0, 0.14%, 5, 1, 3, 173.94
1572024768, 215, 1, 35, 0, 0, 0.14%, 5, 1, 3, 140.90
1572024774, 215, 7, 35, 0, 0, 0.14%, 5, 1, 3, 251.08
1572024794, 215, 24, 35, 0, 0, 0.14%, 5, 1, 3, 179.34
1572024804, 216, 1, 35, 0, 0, 0.14%, 5, 1, 3, 147.17
1572024814, 216, 7, 35, 0, 0, 0.14%, 5, 1, 3, 231.97
1572024835, 216, 13, 35, 0, 0, 0.14%, 5, 1, 3, 124.74
1572024840, 216, 15, 35, 0, 0, 0.14%, 5, 1, 3, 76.58
1572024845, 216, 24, 35, 0, 0, 0.14%, 5, 1, 3, 197.87
1572024855, 217, 1, 35, 0, 0, 0.14%, 5, 1, 3, 188.55
1572024865, 217, 6, 35, 0, 0, 0.14%, 5, 1, 3, 116.25
1572024871, 217, 7, 35, 0, 0, 0.14%, 5, 1, 3, 239.95
1572024886, 217, 12, 35, 0, 0, 0.14%, 5, 1, 3, 112.56
1572024896, 217, 24, 35, 0, 0, 0.14%, 5, 1, 3, 172.42
1572024906, 217, 29, 35, 0, 0, 0.14%, 5, 1, 3, 107.87
1572024911, 218, 1, 35, 0, 0, 0.14%, 5, 1, 3, 115.80
1572024922, 218, 6, 35, 0, 0, 0.14%, 5, 1, 3, 122.18
1572024927, 218, 7, 35, 0, 0, 0.14%, 5, 1, 3, 236.84
1572024947, 218, 24, 35, 0, 0, 0.14%, 5, 1, 3, 191.42
1572024957, 219, 1, 35, 0, 0, 0.14%, 5, 1, 3, 175.17
1572024968, 219, 7, 35, 0, 0, 0.14%, 5, 1, 3, 211.83
1572024988, 219, 22, 35, 0, 0, 0.14%, 5, 1, 3, 110.66
1572024998, 219, 24, 35, 0, 0, 0.14%, 5, 1, 3, 121.65
1572025014, 220, 1, 35, 0, 0, 0.14%, 5, 1, 3, 136.37
1572025019, 220, 6, 35, 0, 0, 0.14%, 5, 1, 3, 163.18
1572025024, 220, 7, 35, 0, 0, 0.14%, 5, 1, 3, 230.37
1572025044, 220, 23, 35, 0, 0, 0.14%, 5, 1, 3, 86.50
1572025049, 220, 24, 35, 0, 0, 0.14%, 5, 1, 3, 136.33
1572025059, 221, 1, 35, 0, 0, 0.14%, 5, 1, 3, 200.85
1572025069, 221, 3, 35, 0, 0, 0.14%, 5, 1, 3, 133.25
1572025080, 221, 6, 35, 0, 0, 0.14%, 5, 1, 3, 174.22
1572025085, 221, 7, 35, 0, 0, 0.14%, 5, 1, 3, 190.43
1572025100, 221, 24, 35, 0, 0, 0.14%, 5, 1, 3, 99.66
1572025115, 221, 34, 35, 0, 0, 0.14%, 5, 1, 3, 96.40
1572025120, 222, 0, 35, 0, 0, 0.14%, 5, 1, 3, 157.51
1572025130, 222, 1, 35, 0, 0, 0.14%, 5, 1, 3, 124.78
1572025141, 222, 7, 35, 0, 0, 0.14%, 5, 1, 3, 237.17
1572025156, 222, 11, 35, 0, 0, 0.14%, 5, 1, 3, 141.04
1572025161, 222, 24, 35, 0, 0, 0.14%, 5, 1, 3, 158.27
1572025176, 223, 1, 35, 0, 0, 0.14%, 5, 1, 3, 153.06
1572025186, 223, 7, 35, 0, 0, 0.14%, 5, 1, 3, 255.57
1572025202, 223, 9, 35, 0, 0, 0.14%, 5, 1, 3, 125.64
1572025207, 223, 17, 35, 0, 0, 0.14%, 5, 1, 3, 111.33
1572025217, 223, 21, 35, 0, 0, 0.14%, 5, 1, 3, 66.65
1572025222, 223, 24, 35, 0, 0, 0.14%, 5, 1, 3, 137.78
1572025238, 223, 27, 35, 0, 0, 0.14%, 5, 1, 3, 80.68
1572025248, 224, 1, 35, 0, 0, 0.14%, 5, 1, 3, 116.16
1572025258, 224, 4, 35, 0, 0, 0.14%, 5, 1, 3, 151.96
1572025268, 224, 7, 35, 0, 0, 0.14%, 5, 1, 3, 199.27
1572025289, 224, 11, 35, 0, 0, 0.14%, 5, 1, 3, 106.35
1572025294, 224, 24, 35, 0, 0, 0.14%, 5, 1, 3, 126.92
1572025309, 224, 25, 35, 0, 0, 0.14%, 5, 1, 3, 101.44
1572025320, 224, 31, 35, 0, 0, 0.14%, 5, 1, 3, 59.28
1572025325, 225, 1, 35, 0, 0, 0.14%, 5, 1, 3, 112.81
1572025335, 225, 6, 35, 0, 0, 0.14%, 5, 1, 3, 146.88
1572025340, 225, 7, 35, 0, 0, 0.14%, 5, 1, 3, 223.76
1572025355, 225, 24, 35, 0, 0, 0.14%, 5, 1, 3, 161.12
1572025370, 226, 1, 35, 0, 0, 0.14%, 5, 1, 3, 139.66
1572025386, 226, 7, 35, 0, 0, 0.14%, 5, 1, 3, 159.30
1572025406, 226, 13, 35, 0, 0, 0.14%, 5, 1, 3, 95.77
1572025416, 226, 21, 35, 0, 0, 0.14%, 5, 1, 3, 62.33
1572025427, 226, 24, 35, 0, 0, 0.14%, 5, 1, 3, 159.65
1572025442, 227, 1, 35, 0, 0, 0.14%, 5, 1, 3, 122.90
1572025452, 227, 7, 35, 0, 0, 0.14%, 5, 1, 3, 190.51
